1948 2010
1948    2.090    2.610    3.230   -0.070   -0.620    0.600   -0.150   -0.190   -0.740   -0.900   -0.920    0.360
1949    1.150    1.280    1.560    1.190    1.450    2.610    3.180   -0.380   -0.410   -0.140   -0.960   -1.150
1950   -0.650   -0.630   -0.720   -0.720   -0.880   -1.070   -0.880   -1.620   -1.180   -2.190   -2.250   -2.290
1951   -1.990   -2.060   -2.410   -1.920   -1.880   -1.650   -1.800   -1.250   -1.690    0.130    0.210    2.230
1952    3.490    3.510    3.830    3.430    2.960    2.770    2.650    2.930   -0.320   -1.440   -1.210   -1.470
1953   -1.570   -2.140   -2.190    0.520    0.910    0.830    1.520    1.720   -0.990   -0.590   -0.460   -0.780
1954   -1.120   -1.830   -1.730   -2.490   -2.480   -2.780   -2.550   -2.650   -1.630   -1.730   -1.930   -2.280
1955   -2.570   -2.480   -2.890   -2.750   -2.100   -2.050   -1.850   -1.100   -1.770   -2.340    0.400    0.350
1956    1.180    1.430   -0.250   -0.170   -0.700   -1.180   -1.390   -1.770   -2.770   -2.870   -3.030   -3.190
1957    1.190    1.130    1.230    2.100    3.660    3.920    4.980    6.050    4.880    5.400    5.880    5.760
1958    5.570    5.910    5.820    5.290   -0.650   -1.090   -1.990   -2.500   -2.300   -2.740   -2.830   -3.270
1959   -3.810   -3.930   -4.350   -4.040   -4.030   -3.930   -4.350   -3.710   -2.660   -1.780   -2.000   -1.920
1960   -2.060   -1.630   -1.260   -1.440   -1.380   -1.500   -2.030   -2.720   -2.950   -2.680   -2.750   -2.980
1961   -3.800   -4.490   -4.190   -3.670   -3.420   -3.770   -4.070    0.060    2.140    2.370    2.300    2.140
1962    2.230    3.110   -0.210   -0.420   -0.570   -0.760   -1.330   -2.150   -2.030   -2.050   -2.430   -2.900
1963   -3.130   -3.570   -3.760   -3.930   -4.610   -4.600   -4.900   -3.220   -3.320   -3.490   -3.730   -4.170
1964   -4.700   -5.500   -5.410   -4.570   -4.360   -4.030   -3.740   -2.760   -2.570   -3.350    0.370    1.060
1965    1.420    1.460    1.830    1.970    2.310    2.760    3.930    4.070    4.950    4.170    4.360    4.620
1966    4.120    3.840   -0.470   -0.630   -0.690   -0.680   -0.930   -1.150   -1.500   -1.530   -1.930   -0.930
1967   -0.960   -1.190   -1.800   -2.100    0.290    1.000    1.400    1.720    1.640   -0.620   -0.980    0.620
1968    0.200    0.400    0.020    0.690    0.800    0.400    0.620    1.290   -0.510   -0.770   -0.690   -0.840
1969    0.820    1.030   -0.190   -0.700   -1.100    1.680    2.020    1.850    1.860    3.540    3.430    3.420
1970    3.380    3.040    3.330    3.520    2.390    2.640    2.490    2.310    3.310    3.820    4.000    3.800
1971    3.540    3.560    3.050    2.800    2.900    2.260    1.670    1.640    1.680    2.180    2.200    2.630
1972   -0.070   -0.350   -1.010   -1.210   -1.470   -1.100   -1.640   -1.870    0.300    2.160    2.480    3.250
1973    3.460    3.240    3.290    3.610    3.950    4.410    4.960    4.690    4.140    3.090    2.900    2.930
1974    3.510    3.230    2.870    2.990   -0.960   -1.140   -0.980   -1.630   -1.950   -1.580   -1.550   -1.700
1975   -1.550   -1.520    0.650    1.150    1.410    1.460    1.940   -0.460   -0.810   -0.980   -0.720   -1.070
1976   -1.590   -1.400   -1.480   -1.600    0.310    0.310    0.250    0.120    0.490   -0.590   -1.290   -2.310
1977   -3.110   -4.260   -5.100   -5.560   -5.560   -6.490   -6.060   -5.560   -5.400   -5.160   -4.770   -4.430
1978   -3.660   -3.130   -2.270   -1.860   -1.210   -1.240   -1.710   -2.420   -2.750   -2.950    0.460    1.410
1979    2.570    3.000    3.640    3.010    3.730    3.670   -0.210   -0.340   -1.430   -1.680   -1.260   -1.670
1980    1.050    2.190    2.690    2.300    2.990   -0.470   -0.810   -1.030   -1.380   -1.150   -1.480   -2.140
1981   -3.030   -4.000   -4.140   -4.800    0.730   -0.580   -0.040   -0.250   -0.560    1.100    0.600    0.830
1982    1.210    1.130    1.510    0.970    1.240    0.960    0.780    1.210    2.400    2.310    2.730    2.590
1983    2.160    2.170    2.750    3.120    3.860    4.390    5.180    5.290    4.490    3.790    4.890    6.400
1984    6.030    5.610    5.600    5.780    4.830    5.750    6.110    6.510    6.100    6.950    6.460    6.680
1985    6.620    6.170    6.470    6.290    5.750    5.060    5.250    3.750    4.640    4.870    5.910    5.600
1986    4.960    5.400    4.420    4.410    4.040    3.880    4.360    4.170    5.050    5.110    5.650    5.070
1987    4.870    5.210    5.010   -0.700    0.330    0.180    0.180    0.560   -0.690   -0.730   -0.300   -0.290
1988   -0.010   -0.250   -0.500   -0.690   -0.610   -0.310   -0.820   -0.700   -0.360   -1.340    0.480    0.340
1989    0.090    0.360   -0.540   -1.510   -2.140   -2.600   -2.570   -2.490   -2.730   -2.740   -3.230   -3.850
1990   -4.590   -5.280   -5.820   -5.410   -5.160   -5.630   -5.050   -5.040   -4.330   -3.540   -3.160   -3.110
1991   -3.090   -3.550   -3.020   -2.820   -2.920   -2.430   -1.990   -1.740   -1.350   -1.410   -0.620   -0.830
1992   -1.230   -1.440   -1.390   -2.080    1.170    1.030    1.640    1.690    1.310    0.830    1.030    0.960
1993    1.750    3.210    3.210    3.060    3.260    2.920    1.970    2.330    1.990    2.260    2.180   -0.350
1994   -0.920   -0.890   -1.690   -1.320   -1.680   -2.010   -3.130   -3.330    0.060    0.160    0.660   -0.360
1995   -0.460   -0.600    0.460    0.930    2.710    3.330    3.740    3.450    3.530   -0.460   -0.830   -1.200
1996   -0.640   -0.140   -0.320   -0.420   -0.790   -0.620   -0.910   -1.750    0.540    1.330    1.840    2.190
1997    3.250    3.360    2.350    3.090    3.430    3.440    3.320    3.770    4.880    4.750    4.490    3.930
1998    3.560    3.310    3.460    3.210   -0.650    0.100    0.650   -0.480   -0.990    0.870    0.950   -0.380
1999   -0.430   -0.750   -1.930    1.040    1.420    1.610    2.510    3.490    3.260   -0.820   -1.780   -2.330
2000   -2.330   -2.460   -2.310   -2.960   -3.220   -3.510   -4.170   -3.890   -3.690   -3.390   -3.280   -3.460
2001   -3.670   -3.940   -4.400   -4.440   -4.350   -4.790   -4.850   -4.190   -4.470   -4.580   -4.380   -4.620
2002   -5.200   -6.150   -6.650   -7.370   -8.040   -9.090   -9.760   -9.570   -7.890   -6.810   -5.960   -5.870
2003   -6.160   -5.610   -5.330   -5.370   -5.020   -4.880   -5.520   -5.240   -4.420   -4.960   -4.130   -3.910
2004   -3.820   -3.520   -4.510   -3.530   -4.010   -4.020   -4.070   -4.320    1.190    1.270    1.630    1.200
2005    1.870    2.330    2.170    1.970    1.500    2.150    1.470    1.530    2.080    2.340   -0.290   -0.390
2006   -0.520   -1.160   -1.020   -1.570   -2.210   -2.790    0.080    0.190    0.970    2.420    0.000   -0.090
2007   -0.150   -0.030   -0.490   -0.730   -0.580   -0.920   -0.990   -0.960   -0.120   -0.240   -1.250    1.330
2008    2.240    3.040    2.660    2.350    2.420   -0.120   -0.320   -0.610   -0.710   -1.180   -1.470    0.680
2009   -0.050   -0.270   -0.750    0.070    0.400    1.210   -0.020   -0.750   -1.070   -0.950   -1.520   -1.320
2010   -1.640   -1.840   -1.990   -1.600   -1.500   -1.520   -1.510   -1.000   -1.430  -99.990  -99.990  -99.990
-999.99
 
 US Climate Division
      Palmer Drought Index Mean                       Jan to Dec
      Colorado            
      Region  2 :Colorado Drainage              
