1948 2010
1948    1.440    1.780    1.830    1.540    1.020    1.780    1.400    1.420    0.840    0.980    0.550    0.770
1949    1.900    1.770    1.820    1.520    1.950    3.020    3.020   -0.370   -0.560    0.530   -0.790   -0.590
1950   -0.830   -1.050   -1.370   -1.840   -2.340   -2.900   -2.130   -2.870   -2.700   -3.560   -3.800   -4.110
1951   -4.080   -3.990   -4.050   -4.150   -4.190   -4.630   -5.040    1.200    0.450    0.310    0.650    1.370
1952    1.830    1.490    1.810    2.040    2.140    2.640    2.550   -0.150    0.220   -1.070   -0.870   -0.770
1953   -1.040   -1.180   -1.320   -1.290   -1.630   -2.150   -1.560   -0.890   -1.770   -0.970   -0.820   -1.030
1954   -1.170   -1.860   -1.450   -1.870   -2.210   -2.700   -3.260   -3.710   -2.700   -2.770   -2.790   -2.650
1955   -2.240   -1.550   -1.780   -1.850   -1.980   -2.110   -2.580   -2.090   -2.680   -3.360   -3.030   -3.010
1956   -2.530   -2.590   -2.920   -3.120   -3.520   -4.010   -3.810   -4.000   -4.540   -4.460   -4.340   -4.400
1957    0.950    0.710    0.280    1.210    2.700    3.070    3.220    4.380    3.210    4.230    5.320    4.820
1958    4.290    4.220    4.240    3.930    4.110    4.050   -0.340   -0.730   -0.340   -0.800   -0.910   -1.570
1959   -1.970   -1.470   -1.890   -2.080   -2.730   -3.300   -3.870   -3.390   -3.220   -2.910   -2.880   -2.060
1960   -1.920   -1.300   -1.380   -1.360   -1.430   -1.590   -2.140   -2.830   -2.670    1.020   -0.050   -0.190
1961   -0.570   -1.060    0.640    0.950   -0.040   -0.640   -1.010    0.900    2.630    2.760    0.030   -0.100
1962   -0.440    0.620   -0.120   -0.470   -0.820   -0.970   -1.540   -2.290   -1.090   -1.060   -1.220   -1.530
1963   -1.610   -1.800   -1.810   -1.520   -2.480   -2.940   -3.630   -2.100   -1.740   -2.110   -2.370   -2.770
1964   -3.080   -3.390   -2.960   -2.310   -2.340   -2.880   -3.270   -3.090   -3.010   -3.700    0.170    0.320
1965    0.160    0.480    0.680    1.610    2.720    3.540    4.670    4.850    5.170    4.700    4.670    5.250
1966    4.420    4.380   -0.570   -0.730   -0.570   -0.630   -0.240   -0.170   -0.300   -0.650   -0.880    0.800
1967   -0.240   -0.750   -1.400   -1.890   -1.430   -0.800   -0.680   -0.660   -0.870   -1.650   -2.000    0.930
1968   -0.380   -0.520   -0.690    0.490    0.550    0.110    0.430    1.380   -0.670   -1.010   -1.220   -1.270
1969    0.780    1.370    1.380    0.980    1.060    1.980    2.520    2.610    2.200    2.650    2.460   -0.340
1970   -0.650   -1.330    0.590    1.070   -0.440   -0.300   -0.710   -0.840   -0.200   -0.300   -0.220   -0.360
1971   -0.800   -0.990   -1.440   -1.820   -1.890   -2.640   -3.350   -2.890   -2.880   -1.370   -1.200   -0.590
1972   -1.010   -1.570   -2.570   -3.180   -3.680   -3.260   -3.660   -3.870    0.070    3.400    3.760    4.370
1973    4.630    4.520    4.870    4.950    6.030    7.760    8.160    7.560   -0.250   -0.710   -0.730   -1.040
1974    0.930   -0.310   -0.970   -1.100   -1.810   -2.410   -2.190   -2.930   -3.270    0.830    0.970    0.620
1975    0.390    0.460    1.110    1.710    2.310    2.520    3.330   -0.630   -0.880   -1.280   -1.170   -1.260
1976   -1.690   -1.360   -1.350   -1.090   -0.810   -1.380   -1.570   -2.060   -1.650   -2.080   -2.560   -3.010
1977   -2.890   -3.250   -3.340   -4.030   -4.100   -4.790   -3.930   -3.850   -3.910   -4.020   -3.940   -3.890
1978    1.200    1.720    2.000    2.270    2.530    2.380   -0.400   -1.290   -1.680   -1.880    1.430    2.510
1979    3.530    3.840    4.480    4.090    5.490    6.340    5.980    5.140    3.650    2.680    2.860    2.710
1980    3.580    4.460    5.000    5.000    6.110    6.820    6.410    5.550    5.470    5.060   -0.320   -1.000
1981   -1.620   -2.080   -1.480   -1.710   -1.840   -2.480    0.120   -0.110    0.330    1.120   -0.250   -0.770
1982   -0.650   -0.610   -0.530   -0.780   -1.100   -1.500   -1.630    1.000    1.940    1.500    1.930    1.960
1983    1.940    1.910    2.590    2.710    3.070    3.730    4.680    4.470    4.380    3.640    3.910    3.870
1984    3.240    2.770    2.380    2.730    2.060    2.510    2.630    2.510    1.830    2.610    1.990    2.360
1985    2.280    1.810    2.240    2.670    2.730    2.510    3.100    1.660    2.870    2.990    3.440   -0.370
1986   -0.930   -1.100   -1.540   -1.260   -1.470   -1.930    0.400    0.350    1.150    1.470    1.600    1.280
1987    1.160    1.360    1.530    1.160    1.270    0.920    1.800    2.420    1.630    1.880    2.890    2.810
1988    2.870    2.480    2.140    2.520    2.870    3.080   -0.470   -0.440   -0.380   -1.240   -1.320   -1.390
1989   -1.340   -1.290   -1.770   -2.910   -3.400   -3.850   -3.830   -3.380   -3.740   -3.930   -4.340   -4.610
1990   -4.300   -4.090   -4.020   -4.130   -4.510   -4.860   -4.620   -4.620   -3.590   -3.220   -3.010   -2.880
1991   -2.570   -2.750   -2.120   -2.080   -2.290   -2.470   -2.540   -2.390    0.510    0.280    0.800    0.950
1992    0.820    1.130    1.350    0.670    1.840    1.610    2.070    1.610    1.160    0.960    0.740    1.170
1993    3.070    4.360    4.010    3.780    5.120    5.550    4.910    4.890    3.920    4.360    4.200   -0.310
1994   -0.610   -0.210   -1.030   -0.410   -0.700   -1.240   -2.140   -2.410    0.270    0.410    0.730    0.780
1995    1.130   -0.500    0.580    1.170    2.730    3.340    3.280    3.150   -0.230   -1.050   -1.680   -2.120
1996   -2.150   -2.310   -2.440   -2.770   -3.210   -3.510   -3.990   -4.620    0.970    1.330    1.790    1.450
1997    2.250    2.360    1.380    1.930    2.080    2.120    2.340    2.680    3.890    0.040   -0.240   -0.540
1998   -0.850   -0.460   -0.420   -0.240   -0.730   -1.100   -1.120   -1.890    0.120    1.150    1.150   -0.370
1999   -0.820   -1.170   -2.090    0.760    0.420    0.170    0.610    1.710   -0.070   -1.070   -1.890   -2.120
2000   -1.960   -2.090   -1.450   -2.150   -2.840   -3.360   -3.910   -3.930   -3.990   -2.540   -2.250   -2.320
2001   -1.640   -1.280   -1.210   -1.140   -1.110   -1.300   -1.490   -0.830   -1.590   -2.270   -2.110   -2.030
2002   -2.290   -2.630   -2.830   -3.700   -4.590   -5.340   -5.940   -6.190   -3.820   -3.380   -3.230   -3.350
2003   -3.750   -2.730   -2.410   -2.560   -2.950   -3.490   -4.290   -4.130   -3.640   -3.980   -3.400   -3.010
2004   -2.960   -2.040   -3.030   -2.220   -2.640   -2.640   -2.970   -3.340    0.970    1.050    1.850    1.980
2005    3.210    3.790    3.640    3.550    3.790    4.650    4.370    4.260    4.460   -0.060   -0.650   -1.150
2006   -1.330   -1.890   -1.140   -1.580   -2.660   -3.280   -3.380    0.000    0.460    3.140   -0.340   -0.400
2007   -0.470   -0.560   -0.920   -0.820   -0.670   -0.960   -1.150    0.130    0.490   -0.450   -1.090    1.120
2008    1.480    1.930   -0.470   -0.620    0.320    0.690   -0.360   -0.410   -0.960   -1.380   -1.470   -0.680
2009   -0.960   -1.240   -1.840   -2.090   -1.620   -1.460   -2.160   -3.020   -3.100   -3.140   -3.340    0.630
2010    1.390    2.320    2.530    2.230    2.210    2.690    2.640    3.170    2.620  -99.990  -99.990  -99.990
-999.99
 
 US Climate Division
      Palmer Drought Index Mean                       Jan to Dec
      Utah                
      Region  7 :Southeast                      
