1948 2010
1948    6.480    6.190    5.990    5.870    4.830    5.050    4.380    3.670    2.730    2.130    2.350    2.710
1949    2.930    2.640    2.590    1.440    2.010    2.600    2.470    1.800    1.180    2.840    1.980    2.320
1950    3.470    3.350    3.640    3.850    4.090    4.130    4.660    4.010    4.600    3.430    3.690    3.290
1951    3.700    3.540    3.440    3.320    3.200    3.140    3.260    3.720    2.750    3.290    2.910    3.160
1952    3.060    2.760    2.940    2.590    2.310    2.450    2.040    2.150   -0.710   -1.740   -2.070   -2.110
1953   -1.920   -2.080   -2.380   -2.100   -1.480   -1.740   -2.060   -1.890   -2.650   -2.790   -2.800   -2.990
1954   -2.700   -3.050   -2.300   -3.080   -3.770   -3.950   -4.410   -4.550   -4.350   -4.270   -4.360   -4.310
1955   -4.270   -3.850   -4.010   -3.900   -3.910   -4.010   -4.230   -4.090   -3.690   -3.760   -3.260   -2.370
1956   -1.760   -1.740   -2.060   -2.060   -1.970   -2.860   -3.130   -3.550   -4.050   -3.580   -3.820   -3.450
1957   -3.220   -3.350   -3.170    0.390    1.950    2.320    2.260    2.490   -0.450   -0.430   -0.190   -0.220
1958   -0.440   -0.540   -0.600   -0.730   -1.160   -1.740   -2.330   -2.710   -2.880   -3.520   -2.900   -2.650
1959   -2.850   -2.490   -2.470   -2.490   -2.220   -2.200   -2.760   -2.300   -0.630   -1.020   -1.560   -2.050
1960   -2.320   -2.010   -2.170   -2.520   -3.090   -3.760   -4.600   -5.000   -4.920   -3.970   -3.270   -3.490
1961   -3.970   -4.020   -4.030   -4.420   -4.790   -5.860   -6.490   -6.140   -4.290   -3.310   -3.150   -2.990
1962   -2.510   -1.900   -1.530   -1.880   -1.560   -1.840   -1.860   -2.440   -2.750   -3.010   -3.250   -3.680
1963   -3.670   -3.650   -3.930   -2.750   -3.380   -3.040   -3.480   -2.590   -1.910   -2.440   -2.370   -2.660
1964   -2.640   -2.910   -3.110   -2.530   -1.890   -0.760   -1.340   -1.790   -2.390   -3.000    0.140    1.550
1965    1.520    1.310    0.960    0.790    1.200    2.400    2.990    3.210    4.290   -0.650    0.490    0.580
1966   -0.400   -0.540   -0.680   -0.740   -1.260   -1.290   -1.800   -1.850    0.240    0.420   -0.210   -0.170
1967   -0.210   -0.520   -0.530    0.070    0.510    1.870    1.850   -0.500   -0.730   -0.750   -1.020   -0.800
1968   -1.260   -1.340   -1.550    0.670    0.800    1.330    0.830    2.420    1.970    1.470    1.250    1.170
1969    1.530    1.780   -0.220   -0.530   -1.760    1.070   -0.210   -0.740   -1.240    0.770   -0.590   -0.600
1970   -0.410   -0.930   -1.120    0.320   -0.290    0.550   -0.050   -0.570    0.480    1.210    1.620    1.520
1971    1.650    1.360    1.270    1.900    2.340    2.030    1.860    1.290    1.300    2.280    1.950    1.910
1972    2.060   -0.110   -0.400   -0.180   -0.650   -0.300   -0.780   -0.970    0.020    0.710    0.410    0.500
1973    0.360    0.080    0.100    0.520   -0.510   -0.980    1.220    0.960    2.300   -0.540   -0.250   -0.130
1974   -0.130   -0.480   -0.730   -0.580   -1.340   -2.160   -2.190   -2.740   -3.330   -3.070   -3.190   -3.220
1975   -3.020   -3.000   -2.780   -2.270   -1.620   -0.800   -0.660   -1.110   -1.700   -0.960   -1.010   -1.040
1976   -1.380   -1.070   -1.360   -1.280   -1.200   -0.970   -1.330   -1.280   -1.470   -1.960   -2.510   -3.100
1977   -3.510   -4.110   -4.350   -5.080   -5.080   -6.350   -5.930   -4.770   -4.660   -4.670   -4.200   -3.910
1978   -3.460   -3.050   -3.030   -2.250   -1.580   -1.460   -1.740   -1.460   -0.910   -1.750   -1.430   -1.190
1979   -0.880   -0.920   -1.240   -1.790   -2.080   -2.800   -3.500   -2.680   -3.380   -3.130   -2.980   -3.240
1980    1.260    1.120    1.080    0.730    2.440    2.060    2.090    1.950   -0.210    0.210   -0.260   -0.600
1981   -0.950   -1.520   -1.520   -2.150   -0.950   -1.640   -1.960   -2.620   -2.990    1.130    1.080    1.470
1982    1.590    1.440    1.670    1.810    1.660    1.490    2.860    2.830    5.180    4.980    4.790    4.420
1983    3.750    3.730    4.460    5.150    5.860    6.230    6.920    8.330    8.750    8.140    8.770    9.280
1984    8.390    7.730    7.180    7.150    6.260    6.220    7.570    7.720    8.110    7.430    0.030   -0.030
1985   -0.190   -0.240   -0.320   -0.970   -1.340   -1.710   -1.600   -2.320    0.720    0.640    1.610    1.570
1986    1.120    2.340    1.930    2.540    2.420    2.110    2.410    2.600    3.120    3.140   -0.180   -0.880
1987   -0.740   -0.750   -0.580   -1.710   -1.100   -1.660   -1.340   -0.750   -1.250   -1.430   -1.190   -1.060
1988   -1.010   -1.490   -1.590   -2.130   -2.830   -3.910   -4.970   -5.610   -5.470   -6.120   -5.510   -5.450
1989   -5.600   -4.890   -4.870   -5.560   -5.810   -5.940   -6.150   -6.090   -5.220   -5.290   -5.240   -5.460
1990   -5.410   -5.620   -5.490   -5.720   -5.740   -6.070   -6.310   -6.430   -6.010   -5.790   -5.360   -5.220
1991   -5.340   -5.670   -5.680   -4.990   -3.700   -3.040   -3.300   -2.860   -2.450   -1.930   -1.350   -1.730
1992   -1.900   -2.350   -3.080   -4.140   -4.660   -5.020   -5.020   -5.410   -5.320   -4.740   -4.410   -4.010
1993   -3.690    0.080   -0.120    0.300    0.790    1.280    1.970    2.600   -0.320    0.400   -0.070   -0.600
1994   -0.910   -0.900   -1.260   -1.730   -2.700   -3.660   -4.480   -4.650   -4.710    0.810    0.780   -0.520
1995   -0.670   -0.570   -0.560    0.180    2.160    2.950    3.520    3.480    3.350   -0.140   -0.310   -0.420
1996   -0.080   -0.220   -0.130   -0.630   -0.250   -0.830   -1.160   -1.910   -1.890    0.200    0.480    1.320
1997    1.570    1.190    0.730    1.100    0.800    1.020    0.810    2.070    2.900    2.610    1.950    1.410
1998    1.170    0.970    1.270    0.900    0.780    2.550    2.830    2.590    2.100    2.390   -0.410   -1.030
1999   -1.160   -0.990   -1.420    1.450    1.760    1.760    1.840    1.660    1.880   -0.840   -1.610   -1.980
2000   -1.940   -2.050   -2.410   -3.190   -3.590   -4.470   -5.340   -5.140   -4.150   -3.970   -3.900   -4.050
2001   -4.400   -4.350   -4.870   -4.820   -5.490   -6.340   -6.740   -6.810   -6.850   -6.650   -6.210   -5.790
2002   -5.940   -6.250   -6.330   -6.270   -6.430   -7.430   -8.010   -8.370   -7.810   -6.650   -6.320   -6.210
2003   -6.390   -6.090   -5.830   -6.240   -6.280   -5.760   -6.570   -6.140   -6.050   -5.950   -5.400   -5.050
2004   -5.020   -4.580   -4.920   -4.820   -4.820   -4.550   -5.060   -4.800    0.290    0.970    0.900    0.360
2005    0.650    0.200    0.130    0.410    1.240    1.290   -0.620   -0.650   -0.820   -1.080   -1.290   -1.280
2006   -1.380   -1.640   -1.900   -2.700   -3.610   -4.420   -5.400   -5.250   -4.420   -3.630   -3.530   -3.520
2007   -3.740   -3.870   -4.290   -4.780   -5.080   -6.250   -6.960   -6.430   -5.390   -4.930   -5.210   -4.920
2008   -4.610   -4.270   -4.350   -4.390   -3.740   -4.180   -5.040   -5.320   -4.300   -3.920   -4.320   -4.330
2009   -4.290   -4.500   -4.680   -4.120   -4.210   -2.710   -3.260   -3.340   -3.530   -2.730   -3.060   -3.280
2010   -3.240   -3.670   -4.000   -3.410   -2.770   -2.850   -3.630   -3.510   -4.170  -99.990  -99.990  -99.990
-999.99
 
 US Climate Division
      Palmer Drought Index Mean                       Jan to Dec
      Wyoming             
      Region  3 :Green and Bear Drainage        
