# start: 1905 10, end: 2006 12, frequency: 12
BlueMesa	Crystal	Navajo	Fontenelle	FlamingGorge	LeesFerry
28000	31900	47313	28000	26999	458528
25000	29200	33552	24000	10500	401644
27000	29200	25801	18000	14376	226871
26000	28600	24238	18000	25831	244314
22000	25500	23185	17000	32970	292534
39000	46100	32935	29000	76977	678174
107000	135000	166627	104000	222578	1204640
334010	407010	464408	316000	480495	3635101
454428	534428	431139	395400	614863	5014167
213582	234582	131339	313900	424452	2950460
99970	106370	59225	148200	220334	1605086
61938	66038	53740	80700	114431	1503159
51000	55600	37553	37400	49203	739807
32000	36900	21532	40000	44439	503006
27000	29200	14707	31000	45949	353312
26000	28900	8101	33000	58879	356760
21000	25500	11830	42000	72457	377349
51000	60900	30445	75000	196583	789130
119000	149000	73753	180000	351613	1465838
222010	271010	161990	398000	604293	2702179
533828	628828	359413	507600	834114	5967232
391282	428282	277620	430900	755305	5103491
151770	161770	97724	177600	259612	1920787
80238	84238	49311	54500	88400	955414
55200	60800	47900	44300	56707	608812
33000	38100	33100	34000	33743	377467
26000	27700	23600	17000	27031	268130
25000	27700	25300	17000	37289	276192
22000	25900	44100	18000	44419	379543
36000	43000	119000	45000	114406	664762
92000	115000	179000	95000	185067	1041224
135010	165010	185000	218000	278041	1595614
247628	292628	249629	294200	458103	2922360
142882	155882	134974	197000	312951	1924283
106170	114170	167344	138800	204307	1117477
44638	49138	44900	46300	78715	598088
36000	39000	40400	40000	71540	483627
26000	30300	24100	25000	36194	395707
27000	29200	18300	6000	22683	312145
25000	28300	35100	27000	45364	378989
21000	25000	20700	20000	57172	317458
39000	46100	109000	89000	210405	763721
93000	116000	261000	126000	246434	1120492
361010	440010	365300	360000	555532	3349297
556828	654828	449955	653800	1006801	7203254
327382	358382	152337	375100	523892	4109919
124970	133970	224482	182800	286331	1880422
149138	159138	366400	142600	187258	1526396
72200	78200	66554	45500	73675	680646
32000	36300	40767	40000	41575	489990
27000	28900	34734	6000	24642	377548
25000	28200	42612	6000	52538	289322
22000	25500	36939	36000	92340	493565
89000	106400	139723	175000	367080	1403871
175000	220400	158355	130000	254047	1730475
318010	386910	296042	342100	481266	3298793
285828	334328	212636	268400	323218	3101705
104082	112382	65487	88800	134692	1373125
62070	77670	63802	72900	106485	866631
42838	46238	34148	32300	57785	630999
35200	37600	74752	56400	83182	616468
29000	32700	61239	39000	44059	445769
27000	29500	59311	21000	44001	345922
26000	28900	38838	47000	81327	367374
21000	25500	52036	56000	102389	482597
36000	43000	118296	97000	196738	902111
110000	137000	254590	45000	82138	951815
330010	401010	463704	32900	122452	2924637
452928	532328	505255	266500	469834	4124342
259282	284382	210213	187900	278652	2353784
111070	118870	127961	102400	151988	1016615
67838	72538	90548	40600	70311	593647
120200	132200	67791	46100	78589	1138004
46000	51500	71761	34000	55403	442055
34000	37100	46690	27000	37194	353041
29000	33200	42241	23000	42560	346041
25000	28700	39381	21000	53636	327037
42000	49100	98485	35000	73830	538143
113000	166200	243880	60000	135460	902408
363010	441810	438143	162000	278346	3684152
458128	537628	410531	584100	874607	6151096
271982	296782	181875	416400	536309	3206236
103070	110470	104016	168800	246016	1362372
57838	60538	79690	66500	109816	631542
57000	63000	36232	53000	101599	636273
29000	33400	27102	45000	80112	533066
28000	29500	26794	61000	68619	305039
25000	27600	20626	33000	55723	354040
20000	23300	24848	26000	59681	314036
30000	36200	65373	61000	131568	523341
107000	135000	141192	135000	249947	1829662
240010	291810	273273	269300	393747	3270773
231428	272128	238565	523100	656441	3144987
114882	125082	81765	361900	443309	1984477
76670	81270	43310	156200	214440	874871
61338	65438	43674	80700	122311	701627
48000	53300	61156	57000	102620	670352
38000	42200	64386	50000	68881	538369
30000	32200	47625	21000	37634	329845
26000	29200	35300	25000	58998	369539
21000	24900	28269	26000	67750	401134
47000	55300	80027	63000	156956	876055
104000	130500	211887	147000	300902	1593815
383010	465310	381662	356900	615337	4685651
435328	511128	384197	598500	805179	6296012
242782	263882	157357	319400	410951	3116693
113270	122570	89990	125300	184335	1405438
66738	71238	68893	55800	86973	783864
66200	73100	86068	36000	71517	964927
48000	54000	38597	31000	50732	527355
30000	31900	22344	24000	36782	334330
27000	30100	21660	20000	43402	304134
23000	26600	36611	18000	54052	397336
47000	54700	71993	41000	80291	525839
85000	106500	296684	71000	131388	1483872
140010	171710	340274	100000	180006	2427137
270228	318728	400317	176100	318445	3642472
141382	151382	239547	187000	239480	2147795
67370	71970	69318	94600	134443	853538
37938	40938	42457	70000	99756	528868
33000	36100	30482	61500	89370	557983
28000	32600	35057	42000	60630	411050
25000	27500	18975	35000	50254	343248
23000	24600	29163	25000	51798	393996
19000	22400	29366	28000	64903	424367
38000	44800	212423	80000	181326	1391402
108000	136000	285980	140000	254901	1802735
310010	378410	350984	247000	406281	3736188
439028	515528	433131	493900	727014	4752149
203282	221882	190935	350900	422265	2633061
148270	158670	191968	149200	191411	1931864
66838	71538	80336	60700	89406	809499
65000	72300	210098	51000	86919	1402792
38000	42600	63496	31000	48665	495715
32000	33800	34682	24000	37259	369117
23000	25800	25622	22000	31143	260297
23000	27200	24422	20000	36746	351858
29000	33800	41213	32000	66388	506892
75000	93800	222038	113000	223600	1545288
185010	226010	354078	309000	483053	3763312
564928	663528	570353	602600	957051	7772051
287482	315482	332382	628500	828353	4940893
104870	113870	94721	169700	233116	1618992
55638	59338	32713	81500	117663	822052
47200	53300	22097	52400	80803	510346
31000	34500	28497	41000	56773	448052
26000	27600	8230	32000	43351	402771
23000	25800	16121	23000	45098	356293
26000	29900	25059	21000	48409	373570
34000	39900	64226	44000	98534	655998
62000	77500	74984	93000	188477	901047
290310	353710	198237	204900	364573	2760606
496428	581428	230106	770200	935160	5393082
182282	198182	117684	278000	332554	2288860
123570	132370	62741	126400	170335	968226
86338	92338	64352	57900	85839	691873
60400	65800	17395	50700	86387	569909
34000	39200	23259	40000	54006	496385
27000	28900	30809	28000	33490	410088
20000	20900	24167	22000	31216	287188
19000	22200	25508	19000	35143	316951
36000	41800	50243	36000	68993	653288
84000	105000	230542	81000	164806	1414719
280010	341510	377934	165800	260156	3231443
214828	250728	279429	163600	238185	2597757
132782	142482	170299	57300	96904	1537304
87470	92070	112165	41500	81304	904499
47638	51638	50196	34100	62174	531938
37100	40600	25941	44000	64520	377401
34000	39000	28839	33000	47972	404787
29000	30700	33018	23000	32323	394092
25000	27600	34678	21000	39426	406940
25000	28700	67972	21000	44312	601644
44000	52200	114277	46000	110453	685472
49000	62100	217638	86000	188047	983984
435010	532110	616540	284000	465685	5917499
550228	645128	603059	514400	801095	6993901
236382	257082	290008	268100	367079	3165232
102870	110570	97949	116600	172907	1376497
55238	58538	42937	57000	91700	620527
47000	51600	36695	48000	67608	534996
39000	45200	40238	41000	51168	596367
31000	33200	24193	30000	43621	404572
29000	32500	22565	27000	53867	414071
24000	27700	31592	25000	64664	456635
35000	40500	108390	67000	142806	943676
62000	77100	125888	115000	236451	930238
285010	348610	327051	276500	519668	4180109
589928	693128	510648	751500	1115908	8467231
239882	262682	224425	205600	328180	2849389
121670	131470	220942	104200	177864	1972571
74438	79838	78596	58600	97674	953215
45200	50600	24005	46000	72027	488368
38000	42500	22445	39000	64106	417789
29000	30700	20316	34000	48089	453491
27000	30700	26433	29000	55043	351437
25000	28800	24751	25000	62472	438927
35000	40500	82785	74000	178185	907265
69000	87000	210558	90000	214853	1185878
330010	401310	446520	342200	564162	4699578
365228	428028	494079	649600	904976	5761054
126282	136882	117606	241200	328977	2159890
82070	87670	61478	131100	196506	1148518
41238	44638	29947	73900	100933	657391
27200	30100	19398	45300	74382	336581
28000	32100	37242	37000	53893	400845
24000	26400	21592	30000	43599	399832
22000	23900	22778	24000	46489	375212
21000	23800	33883	21000	45234	340452
30000	35000	43578	33000	67176	449461
69000	86800	135428	101000	230062	1316359
308010	373510	331915	351000	552991	3835398
434028	510228	342613	454400	715422	5077612
231982	255882	163985	383900	508107	3053686
134370	143570	101999	143600	208565	1744686
79638	85438	118503	64900	101296	1013539
61000	66900	67020	66000	99598	747522
45000	51200	51889	49000	63990	646295
29000	30700	40449	32000	42488	423825
27000	30700	31069	29000	45711	312564
26000	29900	32883	28000	47257	506890
32000	37500	34953	45000	107721	508913
112000	138800	220496	142000	235356	1665561
301010	366910	333145	247000	354879	3264099
357928	417628	281433	221700	253943	3780821
113882	124382	80835	127500	161504	1672022
54470	58770	42086	57400	91982	720755
32538	35038	26375	44700	63373	389827
34000	36700	20101	42000	49272	388361
33000	38000	31823	36000	47572	392567
27000	28900	13090	28000	36191	275417
25000	27600	11148	21000	37275	262125
23000	27200	15756	23000	40683	403157
40000	47900	51298	55000	130208	607575
132000	165000	137472	98000	195644	1382195
224010	274110	209884	218300	364610	2536635
209428	244528	230875	339700	446307	2860902
135982	146182	132641	322000	384963	2086524
90670	96070	89459	137900	192343	1040652
62438	66338	148613	72800	105083	1174711
48000	53000	99097	65300	81848	1020530
39000	43600	45490	45000	60539	608566
26000	27600	26095	39000	47152	447131
20000	22100	18463	37000	51863	359577
19000	21600	25752	32000	59576	353543
32000	36800	53756	61000	136383	643799
83000	103100	170266	117000	213217	1634988
236010	289010	325794	221700	339469	3546066
321728	378328	353749	203700	296103	4075706
134082	144682	79565	149800	186715	1998872
74170	79470	60937	81900	120335	966236
37238	39838	36942	49900	71490	459006
38200	41700	45451	41200	67875	461696
31000	35800	40850	35000	52120	334893
28000	30100	21053	22000	30170	379348
24000	27000	23976	26000	41671	337439
24000	27700	34245	25000	39829	388832
33000	39300	66804	40000	89363	605740
88000	110300	235248	64000	146513	1269471
355010	431510	403551	220300	398980	4135924
347428	406928	382615	503900	713627	4064755
179882	196782	273177	338400	429860	3135304
103870	112570	97635	132800	205115	1321496
105838	113938	313663	105900	145987	2116962
70000	77000	70500	73500	93497	979882
52000	59400	48600	60000	69708	739253
40000	43000	31700	39000	47312	444154
33000	38100	31700	29000	46996	469629
28000	33300	36600	22000	47454	463036
49000	58400	90400	52000	105037	754898
89000	111800	116700	72000	198758	1025978
448010	547310	250400	393800	605855	4580808
392479	461679	163341	329000	446635	4271762
181474	198074	52296	248100	321819	2241461
86950	92850	36713	141100	192183	1048281
47942	51442	23400	61000	87450	558717
37100	41600	19100	45400	57790	625418
49000	54500	32200	39000	53538	570090
24000	25800	18200	27000	36174	344257
21000	23300	15700	25000	45410	331823
20000	23300	16600	21000	50894	346061
45000	52800	73800	48000	117117	923749
83000	103000	203800	123000	211427	1698113
350010	425110	359800	182000	293200	4276260
436938	515238	317072	300400	483349	5414639
191384	211384	110217	186000	281516	2744488
167275	179775	247455	100800	173051	2389753
156838	166438	191900	70600	108769	1742400
87500	95300	79400	59100	73407	964744
53000	60700	32200	43000	59245	560310
33000	35600	17900	37000	45302	437244
23000	24600	15100	29300	44032	298790
21000	24900	28600	29300	45577	485407
29000	33800	44700	48500	116848	575245
173000	217400	187000	116000	216485	1792671
185010	226010	176700	222300	302807	2168481
285105	335405	192499	412400	537416	3724824
112520	123920	87523	244300	314307	1693721
123706	132606	101586	117700	178772	1891015
49162	52462	26000	58500	93152	691053
38000	42300	21300	78900	94789	587559
30000	34200	17300	35200	51225	423714
29000	30700	16800	28300	32007	288560
23000	26400	13800	18500	35554	263662
21000	24400	17700	20400	41971	366638
27000	31200	28500	35700	72325	429833
44000	55000	77700	55500	106965	597640
70014	85214	168000	81400	147681	1387684
112394	130894	142853	163900	183122	2042728
56547	61447	66858	72600	102800	1147598
45870	49270	45624	54500	78151	671677
25938	28538	50000	31900	41111	424426
31200	34400	66300	27600	28364	536284
30000	34700	30700	23400	31610	353321
28000	29500	19200	18900	26725	252642
23000	24600	19400	16000	36771	272930
19000	22400	59500	18900	44483	557282
27000	31900	150000	38600	96074	673831
85000	105700	384000	76600	175287	1676128
280010	341810	486500	201800	387881	4286246
320128	377328	390442	365400	574008	4193513
171821	188821	193742	274900	367325	2684942
87935	94335	118014	107600	149023	1364498
40738	43138	44900	50000	74987	693905
27000	30500	24700	38700	44788	367644
33000	37700	16900	31500	41106	378380
25000	26700	14900	23500	28404	272887
21000	23300	17900	16700	32066	273377
17000	20500	17500	18900	35506	255953
36000	41900	39700	29900	60530	501362
44000	55000	53300	55700	102727	515700
176010	216810	148600	93500	194498	1604249
341728	400628	280367	397100	622626	4680018
100326	110726	89001	169400	224673	1898288
66370	70370	45801	68400	106937	818373
34638	39038	63000	37000	57990	563832
28300	33100	40100	29600	49513	440664
30000	34500	20900	27600	37499	297779
28000	29600	17200	26700	31949	333907
23000	25200	18100	19100	28847	308075
21000	24900	17500	23500	37822	303394
32000	37200	38600	33700	47255	349072
58000	72400	94900	24700	60869	557262
125856	154656	101500	87800	82398	1480351
59174	69374	40021	75200	117169	1018245
45582	48382	40632	62300	90987	721126
46270	48270	31539	42500	59254	532811
24138	25938	28900	24900	43063	284828
18400	21300	12400	22200	38410	212899
6000	6800	12200	19100	31240	181355
24000	25800	12200	18900	22052	228772
21000	23300	13900	18400	28578	254933
17000	20500	20500	19200	37005	274011
30000	36200	50000	32000	66316	339574
48000	60600	203500	55400	107522	685733
128010	155110	313600	94000	208956	1585305
404228	474770	584918	405200	594827	4708552
147253	161556	233173	183200	249715	2255472
79832	85032	101620	75900	120043	959192
46738	49838	69400	38600	59816	594224
36400	40000	35700	25900	30157	387726
30000	33300	22200	25400	33830	319435
20000	22800	14400	18400	24521	266192
22000	23900	14200	16800	35536	264047
20000	23000	13200	22000	45257	318399
30000	35700	92200	33700	99235	459898
175000	220009	248500	134500	290868	1400149
395610	479659	289500	407600	612537	4032422
240917	282912	124629	530700	659017	3360120
105147	113084	58867	198400	274133	1709054
102470	110312	83416	153800	223149	1262461
49838	53142	63200	57100	92335	705479
36600	39600	32400	42600	68404	376632
28000	32000	37100	34600	51578	443083
20000	22100	19900	29000	32920	317127
20000	22100	17200	22800	35477	200331
20000	22700	22200	21300	34778	414259
26000	30100	104100	35400	92979	700570
104000	129500	388900	145300	247627	1559558
329010	400820	472700	246400	399007	3833664
189528	220233	260166	290900	356631	2958383
94786	104186	99678	230700	278147	1923465
59870	64370	52211	89200	130084	838115
33138	35538	24500	48300	71438	596566
38700	41700	28300	37700	60395	505920
31700	36300	19400	28000	39725	384592
24900	29900	13700	25100	30443	390633
24900	27800	15900	21800	34955	325636
21600	22400	16800	23100	44141	354576
33800	40600	100900	33500	72677	794138
131800	168400	281300	138000	235212	1659082
274710	344598	353600	197400	351304	3599127
446928	529286	436395	452500	628252	5324845
165117	181526	141891	245800	306048	2503358
80270	85470	53546	105800	165083	1027382
63638	68138	97612	77000	110130	1050775
50300	54300	64200	77300	107670	618499
39300	42600	30200	46000	69940	479804
26900	31000	19100	37700	46465	411097
25700	29500	16800	30500	47306	348487
18100	19700	13500	26200	47053	300376
51200	60100	95700	63500	137655	809304
102200	122700	148800	73900	151665	1228539
249513	290313	225405	202700	263063	2865279
178296	200196	117016	195200	263957	2250281
69736	71636	44221	134900	179840	1104801
56470	58970	33331	84800	121125	629627
38238	38438	56200	41400	62089	671962
26000	27800	21000	32700	50765	358134
26200	30200	20600	24600	32516	312958
22500	23600	12900	26200	27066	284314
19900	20900	14300	21700	28866	261838
16000	16300	18700	22200	25659	301174
28900	32500	51100	36300	53901	439069
64300	79700	98300	30100	69871	735512
173556	211456	189387	93100	197436	2442459
147064	172664	88513	160400	218618	2212811
51590	55790	46606	53500	93790	984226
42370	44570	34269	45700	72924	522322
28338	30938	38400	26200	42374	525462
28500	32500	62187	35800	58359	731809
27200	32700	27000	26600	37103	410101
20700	22900	23500	26700	32991	364873
21800	22400	22100	21700	31814	355941
20600	22500	48400	19900	31540	430079
29000	32500	121000	37300	83859	675567
54700	65400	275000	82400	163394	1127132
319569	378269	821300	176600	294772	5323093
334169	381469	618048	353800	441289	4598652
167761	181961	330657	171400	222662	2428433
83129	86629	93922	103800	150608	1190375
34452	38152	86585	48300	76671	683285
64700	72000	261100	62100	84566	1813960
45800	51100	91800	46700	67985	913231
34000	38200	43300	27000	33547	576929
26300	30800	33600	22800	35956	404450
22200	26600	27900	16800	34383	395910
29800	36800	65700	36400	86007	660985
154000	187400	422300	163900	267345	2902862
293010	343610	334400	152400	275819	3500486
415128	472928	340697	355900	508736	4834784
159210	169410	106846	233600	302987	2074078
79970	82370	42184	100600	136222	938573
31138	32538	24128	43600	62332	412011
27400	28700	16100	30600	39216	358326
28700	29600	18000	26300	36088	373655
27500	27800	15700	26300	31310	369016
22800	24500	17100	26800	37494	345094
20700	24200	24600	26900	48648	344573
29300	35000	58700	44000	121956	533607
169400	201800	201900	177000	304036	1624861
242166	284866	197316	241000	356602	2446508
292702	340102	151721	498800	677854	3294191
137490	149390	75474	379900	457775	2132619
108070	117570	57810	150600	195044	1188466
56038	61338	25212	65700	96229	613563
35500	39600	17800	47500	76646	386115
36700	41800	20700	39400	53980	442637
25100	27800	19300	30200	36742	379167
21400	23000	14100	25000	36746	284953
22800	25400	14400	24600	47017	344393
27700	33400	40200	31500	107285	515043
56700	71200	147100	215600	332893	1060878
323710	383010	423600	161400	277432	3622415
398828	462328	422548	361200	581119	4760167
187044	206844	159364	258800	342729	2526378
74685	78085	39895	99800	139700	857685
25538	27638	12086	38800	65034	332678
31700	35000	30500	38700	44739	378318
29200	32500	23400	30300	42296	378988
23100	23800	16400	21900	29745	307526
24600	27100	16300	23500	43168	330444
21400	24000	24800	25100	50652	359434
26900	31000	42600	35400	82121	430301
51700	62400	155900	69400	138867	790464
233710	291210	341900	120700	210629	3150282
244328	296128	237937	250800	372016	3358331
156925	176225	89685	310500	401670	2468347
111270	119170	49756	150100	206827	1465735
37938	40138	7920	74100	108399	494543
36000	37900	27100	55000	62235	538329
31900	35900	15800	37100	41251	434400
24300	26600	11000	31600	38892	319918
22700	25500	13800	30300	40507	348056
19800	24900	14900	24000	42620	313504
33000	41000	26400	41000	110815	506085
95400	118500	85200	143100	251871	1141099
141542	169842	89200	215500	359623	1970811
251707	287107	131341	335900	463584	2755500
97717	101017	39144	186800	245254	1432801
60905	65105	41963	99900	147580	852859
27282	30982	24787	50700	74621	449366
34900	37800	35000	53200	71387	430011
29500	31500	29100	46800	63519	472765
22600	23000	19900	42800	50786	422598
19000	20900	15400	26900	42811	265000
18800	21300	19800	26800	58159	353367
27800	31900	33500	77800	173848	656705
66400	77900	54800	84700	196306	844051
303590	344790	226000	341700	503665	3600478
333301	381501	174066	429700	556809	3790869
217336	237436	70100	348100	416224	2726585
103270	109770	92863	188600	234155	1575216
66438	69938	62900	79900	107906	778634
53000	57700	69300	67500	100301	830410
40300	44400	32100	53500	72054	577524
33300	35400	20200	40500	50327	440646
27000	30900	20200	29500	43293	375948
25300	29600	26200	21200	48685	432004
29200	34500	37200	41800	93690	624879
94300	159800	227700	78500	172002	1728270
431910	517410	393100	200900	366979	4032836
385828	432328	371086	379100	468003	3915190
155020	166520	102336	155200	208806	1662639
81195	85295	48184	78600	120582	887163
30138	32138	12330	39500	62013	372680
36600	39200	19500	34100	55377	361999
31600	35300	17300	25000	41540	399745
27400	31000	14900	24400	31666	345940
24000	24000	19200	24500	40856	326825
20700	23100	19600	21100	45759	350930
28600	32700	63700	43000	100918	692323
107000	127700	233300	99200	188682	1377417
257700	307000	349900	214100	363399	3474042
441807	510807	478576	363900	506779	5116808
235368	255068	217162	217700	288288	2809867
90181	93481	53938	99000	139558	985996
30165	33765	17614	44400	71430	420280
38600	42400	21800	49200	62390	539732
37400	40700	20900	50900	52744	475823
25700	26400	13900	27900	36760	363538
25400	24500	17400	25700	46787	346883
22300	24200	24000	28700	54619	394728
25200	27600	35900	39800	117144	631678
110700	130300	136800	202500	340622	1270496
168620	193620	149100	249100	425075	2239296
258158	293358	135325	570900	814292	3782182
105158	111758	52654	418400	518360	2027117
50400	52500	15404	168200	230488	817607
21300	23800	14437	76600	110659	428841
29600	31200	16200	60300	78769	423062
26400	28900	10500	62700	79624	355831
27700	29900	10300	42400	60758	422695
25200	27400	9800	38200	44656	307758
24600	24500	10600	39700	61210	356588
33300	37400	21300	49000	92872	416528
62000	71800	38800	145500	211855	564533
182982	211782	140300	321000	400252	2034805
297797	317797	125227	510400	678214	3694508
108481	138281	27012	371000	447459	2205007
70274	73174	33790	216300	285957	1172271
22433	24333	14000	88400	116207	532247
29800	33100	7700	64900	98876	430044
27200	29900	14100	38000	56795	451352
26500	28500	22100	36200	53933	340253
28400	31000	31200	40400	49428	490658
22900	27100	18800	37500	52245	385654
25600	29300	58700	43500	63431	435309
146400	181600	328000	152300	316582	2329319
376014	456714	435400	301000	603176	5569121
539225	623725	506963	375300	617022	6201051
181115	199415	148290	193300	301798	2317967
114502	122602	65701	115500	169464	1255129
50408	55308	25706	58500	83984	694186
38900	44500	12600	36200	52521	376061
30700	35500	14300	24900	36934	376582
31500	33200	18800	25200	34017	374385
28000	30700	19100	29100	47643	402474
20100	24100	16200	30200	48218	365207
32100	36500	40200	41400	72823	458845
49600	62300	88500	70400	95921	554827
143100	171300	138000	67100	109906	1285021
338978	393578	186407	370500	506210	3910327
122783	132783	44857	229000	301743	1662389
78612	85012	28639	123000	168191	1032517
24600	28000	3834	44400	63421	405366
29500	32100	14000	30700	36707	318406
34400	38800	24600	31900	41756	427066
27800	30000	15200	23300	31529	342974
23300	25200	13100	25400	27907	317925
21500	24900	20800	29300	39045	341586
26600	31800	32500	36300	61628	388722
54000	65400	110700	65000	100840	666898
100507	121207	185918	287100	315665	1753441
90967	101867	88745	253200	273175	1396009
81300	86500	66833	260600	351389	1255884
49600	54500	51457	107800	138552	664718
23000	26800	37694	47000	61012	494512
35600	38100	12762	36300	44429	570813
26100	28800	7840	33200	40848	355936
25200	26300	13910	18400	19874	289658
21900	22800	13319	19800	24060	254680
15400	17800	13254	19100	24575	252729
19600	22600	28925	27900	43597	590617
62200	75600	51803	59900	106215	697977
134726	160926	158181	128700	175479	1950795
188538	215938	161279	265800	338656	2332135
79335	87135	42268	154100	217287	1220313
73520	78220	80627	91500	123776	920244
9487	24687	18904	38700	50953	359573
19900	21800	4976	30800	39191	225234
26100	28900	12028	25100	36180	274490
29300	31600	16483	32100	45414	335121
23800	25900	17574	38400	50031	379784
18900	21800	15949	29700	37488	279980
27900	31600	52506	65700	149673	513692
84400	104200	91134	130200	202810	993694
235027	279127	212172	306800	377893	2814517
242968	278368	153098	571200	693386	3534913
70400	76100	31599	223100	295669	1151798
46600	51700	18269	124600	169243	703754
13500	16500	579	59600	75540	298120
23400	25100	1080	42700	51674	193813
27600	28900	12245	35500	38626	304643
22800	22600	9587	26100	25587	258166
21100	22500	14685	22600	27868	295275
21800	23700	31263	27700	42962	331116
26800	31600	47924	45100	65704	508805
73700	90500	135499	54600	86063	868604
232500	302400	235709	186100	271835	2805792
682734	805534	560807	494300	735944	6669099
463454	568254	357124	385400	525007	4906010
188000	203000	167113	135000	201861	2007877
71000	77900	58442	70000	98816	1010603
46000	50900	51333	57800	78298	756358
43000	49900	60931	44900	57009	838468
41100	45100	36477	41600	45660	502956
32100	34400	24258	32600	43398	392045
28300	30900	53216	41000	55081	536727
31600	35100	79267	42200	65940	688965
95400	117300	285975	85500	134241	1599996
457998	550098	481269	290500	410722	4597690
380203	443103	322323	284100	413898	4562509
100639	108639	59297	119800	168901	1308184
67114	70614	29788	75900	103528	677219
34900	38700	33132	43400	55233	438820
28600	30600	17075	31300	39326	333453
31100	33600	19115	30000	34104	358554
27300	30400	14935	29400	37993	368349
25200	27400	11669	21800	29256	306407
22600	26000	15501	22700	31696	313512
26500	29200	18690	36300	65078	350118
51200	62700	41260	59800	98479	463516
121801	146301	104452	77100	118815	1380376
237427	272327	116510	368700	429195	2826173
75391	79491	29042	171500	271363	1448923
53717	58517	41615	102700	137569	766845
19800	22100	7487	43000	62714	316311
51100	57200	66266	50200	67876	557316
37700	41200	47251	37700	50654	517710
25100	26500	22698	28200	37307	350962
23300	26600	16880	24600	26182	289809
25100	28500	17250	20000	28760	314720
47400	57500	179920	54200	148721	749816
138200	172600	246540	78500	140192	1720737
160424	192724	228686	68700	139665	1977890
286033	326633	283404	198900	281906	3222979
104471	109771	75088	116800	165830	1361812
60485	59185	25480	54400	77510	582813
23006	24106	12210	34900	49863	328283
28900	31400	20545	43900	49967	361418
26400	34400	19277	39800	54034	348931
25400	27800	15789	25300	26757	264952
21100	23500	12391	21500	27674	244498
18300	21300	16158	20300	27334	318919
29800	34400	45364	30500	63930	368225
47200	57200	127358	50200	81524	637529
173005	204205	251066	71800	97675	1642974
198559	224959	153050	210100	284210	2528584
69261	70661	44497	87100	126976	956734
69200	71800	55769	52100	76816	718990
61400	66600	54697	42100	60251	856024
63500	69500	50386	42500	64166	819598
46100	51700	36120	31700	54458	547420
32100	36200	17921	27900	44587	370764
30300	32900	17412	32000	43343	334494
28900	32900	43950	32600	84494	774737
30300	33700	44474	38600	150560	545028
184600	219800	236126	182000	388462	2532520
328505	383905	256844	262300	407112	4119768
355148	398248	221001	386700	520292	3849168
196737	215937	101547	279500	388209	2550866
79994	82994	22084	133300	182966	912852
31942	36842	10846	49100	63658	412135
36100	40600	36193	44300	49180	555007
30200	35600	25875	41600	46555	448064
23900	28000	18953	24000	33300	342970
21500	23300	15119	18000	23390	201557
24300	27400	36791	19900	39062	370712
45700	56600	71658	40100	53996	575260
69000	79100	122090	49400	72556	763590
160900	181700	186119	108300	135805	1808387
112963	120063	59466	349700	417763	1839152
71425	70725	29157	190700	250993	933748
59000	58800	27320	92200	127789	685572
39200	41900	36512	83200	102308	735431
25800	26200	13970	51800	65590	319363
30600	31100	10448	42000	52847	342117
22300	22100	4270	27000	32687	266011
18500	20500	5455	19000	26238	267885
19400	20100	7546	20000	29583	262479
22000	25200	18200	28000	41507	343862
50300	69400	65573	55000	131737	649129
219668	280568	201964	133000	312937	2354779
229819	274719	97635	353200	532497	2984535
118508	127208	46303	345300	450539	1729449
85857	86657	78526	101600	141532	915192
36393	37693	23790	45700	56879	366401
24730	28630	14928	29000	29297	301361
29800	32000	13678	34000	28918	325117
27900	30500	15838	34000	38965	363397
28000	30900	23008	36000	38964	379725
22300	24700	23391	29000	57864	369167
28800	30800	40940	33000	62862	443493
92500	118500	254733	116000	192824	1400634
265994	331394	363431	195000	395811	3392487
452955	527455	452076	605500	1016379	5596742
339898	381498	272375	475700	675320	3793601
148244	155444	69368	198300	290475	1623391
86500	91600	61778	103900	129292	877286
56900	67990	49420	99000	120497	875445
45100	50230	31873	72000	77856	570571
40300	42400	35963	53000	46664	552485
33900	37450	24490	53000	48342	455182
31200	32460	21491	42000	41523	395360
47000	54480	161149	46000	109330	981129
88800	113920	191563	108000	191877	1333026
196005	244245	312191	147000	266111	2523296
167164	181364	173049	176300	244505	1934274
94089	96659	59750	141500	193163	1053979
60256	57916	35946	82100	95535	589839
20827	21977	10169	49700	51469	357643
28750	33370	7423	36400	46068	335665
28100	32010	13073	38000	40665	349297
27700	32930	35080	33000	26993	371154
22200	28150	11312	30000	23316	289340
21100	25290	20758	31000	33317	307306
41100	46850	53957	44000	78583	576121
52700	57730	52015	72000	100444	604735
159123	176603	151551	145000	248982	1690771
214610	228600	154660	481200	705391	3628249
111159	111339	73126	465700	607661	2187199
62238	62838	88042	133700	177223	951241
41453	45003	44463	63500	72300	517396
27667	30347	12287	54800	48931	351908
27500	31600	9792	45000	41917	327692
19100	26860	9204	37000	27859	238872
19500	31330	11965	35000	26603	313145
20400	30250	17488	31000	42854	337745
26700	39900	34079	43000	80632	517660
44500	54870	74065	70000	114440	639473
180618	230768	220254	90000	162780	2123875
358035	424015	334514	404700	644241	5021980
126855	132435	84812	224500	300602	1742269
137585	145205	140408	170700	189556	1468908
33970	37410	12210	104700	107595	424710
31614	39564	10402	73000	74390	443620
24900	36780	13850	47000	48455	385800
14400	31390	8327	40000	30375	320747
16500	35150	23089	34000	28637	391523
18500	27500	17251	21000	27690	352823
13900	32540	47295	37000	93810	571807
118326	155376	210018	176000	299571	1972984
278091	334831	320851	291400	453410	3869865
229834	256474	244222	300200	425742	3004303
167313	185223	155227	200500	268269	2035789
83801	95551	68445	113800	145876	892706
38236	48446	68308	42500	43427	607745
66107	82057	71638	39000	8685	675186
29300	48170	43028	32000	36083	513856
22100	36530	28412	25000	15989	383572
19100	36340	16254	23000	34406	382737
15000	29490	16630	26000	38658	361005
24900	40720	22937	29000	54227	447329
70900	92470	51961	40000	87053	615374
455608	564138	238445	118600	233059	3630445
330145	410585	165545	339200	554476	4189472
164768	192118	72075	190800	271925	2096715
96482	112992	50281	76300	105922	917019
110412	130572	218651	42100	64806	1131553
56583	76863	39574	37000	91207	649771
39000	58500	27562	39000	54460	515681
23200	46550	14883	28000	31347	407035
33937	49477	27155	32361	69106	492528
28638	50254	36112	32976	68269	493631
55334	83546	54102	46842	108485	610939
109721	144042	95124	90333	207844	1348676
161512	214393	111334	269641	493775	2485956
298990	364332	138734	644131	887275	4456478
146125	169864	35287	326265	438496	2247437
77250	84472	27663	147885	190550	955058
52530	61312	12511	76989	93233	690356
42531	50947	51288	63846	90899	661425
37217	47613	34911	50618	77322	550317
31289	43008	35492	36154	50651	479069
29253	42189	27969	38851	63413	503244
23312	39449	31286	41083	80243	468726
54706	68185	71733	88605	191888	823089
68136	84018	84991	121742	220010	827861
153701	178352	129595	312234	472209	1964180
225963	255239	94214	776586	1021617	3826860
65904	71918	7390	285195	357829	1236754
40650	41702	3749	150603	192540	709418
31475	37845	14958	82700	101200	585772
42982	51212	176348	66924	91074	1119913
32609	42903	67026	51547	73691	670469
30211	38308	39701	39509	60518	455394
24263	31528	36288	36094	64897	442469
21177	26171	40286	29750	59585	462415
29124	37600	115622	36735	95391	852581
44513	62833	231403	97474	262615	1364516
228625	307807	544793	210173	426549	4459046
345966	438839	513443	260919	418717	4948909
190003	223017	219936	184722	331041	2925435
77587	88254	55819	107130	177202	1048535
37252	41850	43953	84931	148867	694581
27654	32960	32052	51088	75100	468110
22493	34212	24733	52088	72760	517512
25007	36258	23671	37356	55072	440366
27608	41537	24542	35445	52994	462022
21022	36156	18272	33295	56512	405270
38903	58791	67316	61075	148111	789041
67086	92840	72828	107612	185423	943226
248648	324024	161127	240649	427835	3365644
188481	236573	58919	533439	674883	3379006
74097	83465	34591	252063	320724	1591696
52169	54749	21638	119932	152486	763938
17701	17648	1859	48803	61781	389126
24105	29670	25820	35457	45103	417466
27511	39270	25350	34604	42298	509247
21868	34790	12071	21210	22318	345153
23345	34798	12265	24599	38474	428239
19611	26891	15086	25586	41359	376537
25023	34726	68559	38766	75478	626462
56284	74016	205113	59997	100360	875310
198083	258960	389502	149898	299008	2723123
360474	438170	480550	347420	623628	5051904
264663	314894	259464	499640	727742	4055375
84659	92547	33413	138695	193357	1074103
32697	35585	30041	57290	78068	551744
25916	33087	8739	48620	62442	411021
29228	35829	17945	44255	53049	448760
25455	35005	21097	44341	55631	424498
24668	39566	19218	31335	44475	398290
21588	36238	32549	30214	59000	474438
27443	38887	52213	38804	95316	550019
68564	84267	104105	131683	199768	848771
159319	193334	253788	330768	459895	2446752
193826	222295	209294	401719	493770	2835958
77740	84319	32574	261087	297327	1342352
57843	62917	17463	148343	188992	778842
31618	32363	31328	63571	88504	507722
30158	36518	25505	45464	54149	445702
22275	30609	11244	36487	39667	373209
15201	24372	11463	27562	28291	281534
12804	22716	13899	25627	28705	323375
16112	20777	12287	22813	38680	291707
19973	22613	14867	31764	51267	276473
43655	53776	29762	47123	82824	367463
49967	60673	34057	23571	50651	631570
58687	67330	18937	108811	131703	975157
30568	35997	23040	68011	102825	683523
28103	31930	40272	56217	87943	590807
17063	20954	18397	38150	50553	380881
20718	26511	19338	31343	47194	326662
21690	28018	13843	30672	41556	341836
20278	25195	7952	32167	35500	315863
22541	28988	10727	28280	44682	375621
13908	23097	10214	26070	45125	307540
30366	41935	63979	48395	104466	615243
81962	109369	140291	97289	156626	1237984
191967	248785	226790	187369	305905	2747845
402551	494320	259145	516667	706446	5036130
165336	199303	35183	390223	433830	2569275
55662	61478	-12874	160490	196686	825861
17965	21009	-10579	73945	93747	426775
21278	22292	4349	45782	52435	351290
26308	27063	27582	37825	42074	480893
23264	25133	20727	33515	32298	403397
26124	29582	19241	29868	34931	388600
22120	33856	20788	28210	39772	360071
25683	40797	117739	41129	91597	748376
84806	116167	366978	89929	147555	1819789
278685	345161	548248	199274	290705	4015523
406005	488095	573735	247404	317920	5256190
196474	217847	263753	137859	172501	2695162
79243	84237	50804	106898	149442	1082709
29227	29604	-8121	47058	62191	433006
27686	27799	-207	37561	46456	370876
27783	32917	14893	27700	34399	406702
25378	32989	21611	25635	38217	360420
25524	35550	26534	25804	50453	476703
26030	36643	45217	27037	55221	610714
27322	37969	63235	31394	98410	643116
81125	102385	263263	104378	238304	1434190
284633	339125	380867	321161	531231	4365112
462033	525446	476085	381122	512577	5379732
160570	176817	95936	253643	327410	2271497
57240	60394	9881	98771	135871	750614
32540	34564	36492	56880	79751	624293
29377	40313	8213	40865	61125	420105
28007	37002	25459	37083	53927	480283
27452	36776	20864	33895	53384	427207
20354	29395	18739	28640	45035	393898
18940	26813	16193	26384	43028	321698
24795	33617	20711	41626	72530	357053
42744	62918	70443	44052	82139	633870
68491	87199	110940	76531	148328	1210192
127624	151105	136019	262688	347383	2348598
64765	75765	29159	139733	175350	1141866
41742	50416	4970	62198	84332	521365
31344	39739	14927	32216	51743	540169
27764	34265	76251	34629	42863	645603
26157	32956	34598	30658	41327	463385
22383	28316	17724	30012	32284	408602
22886	22531	18373	30597	39234	354920
18480	26717	22213	27049	54952	322047
27490	40608	84514	37496	74443	650980
61567	83764	169031	76585	129574	980163
195189	247465	291708	252281	371335	3007079
332030	395545	272699	438249	553440	4262949
172803	198617	74421	515234	610958	3000194
109847	122314	70500	236605	296203	1551429
81678	95407	120370	97649	137357	1081031
53499	68888	63918	129084	174339	1000709
36359	46851	38048	61251	86962	726036
27634	38120	42771	46613	63878	614837
27190	36363	36051	42542	64799	392003
23881	32312	38060	35025	57138	459791
30764	42380	106962	63264	141023	889091
42804	62098	164146	116260	239440	1113890
170625	256675	299938	237125	471304	3523495
452575	604741	408450	556844	1039918	7585898
248386	327719	149878	412371	610651	5108558
120970	155511	53395	201248	319421	2153961
46648	58423	5494	117223	190132	883350
35841	44409	67819	102248	153772	974108
31647	38643	29408	69978	115328	714894
35115	48070	34687	53350	93370	659304
29058	42558	29835	49269	88576	407556
21819	40865	30961	39910	79778	507224
23489	52296	100358	50527	143615	860027
74349	120988	150036	109571	242562	1462088
576987	798716	414656	254964	586483	6127117
531933	721569	214704	395281	593929	6586959
273369	347853	50333	324743	446293	3872568
138209	167180	53257	173165	269739	1987315
64917	92816	38046	85065	134413	1117761
59081	81308	81405	92754	120922	1063412
41666	54127	45884	63507	86875	835401
34434	47948	51178	36482	56831	646858
29432	47508	36866	39547	65804	576344
24440	44068	43665	32837	57086	501563
38702	67718	177925	48134	115429	1115185
138489	199374	376819	160960	298299	2757097
358002	482272	448613	250701	361934	4873618
415185	531380	433743	214303	289601	4711886
159676	188091	107510	158478	212573	2294195
74575	87468	28156	78417	96452	1105613
49180	60257	62462	48904	48655	743245
55512	66135	76067	54507	69875	919008
40344	54802	49420	46576	57110	745139
32223	50090	35762	45916	55703	641451
30994	45619	32952	38159	46027	553202
30844	46447	55748	45241	99878	750657
49879	67824	118232	99163	166926	1130869
119047	143269	246014	180388	273062	2201959
271716	332181	311666	301187	484027	3881127
432121	498607	361577	921354	1208367	6044235
241685	268927	169713	413427	537126	3406408
96787	107912	36339	199299	276636	1327275
65000	78642	76317	83248	122280	991990
58144	75365	132354	73246	115541	1149524
50478	66100	125479	60262	74023	1001810
32365	45789	56600	37915	42296	730687
28184	43650	36161	32545	41787	528169
28377	43829	62546	33559	50325	623025
43400	63218	119700	46105	102266	947737
119837	146068	288951	170149	267776	1912947
295327	381620	358344	258348	389474	3699898
295248	348185	385149	237159	334106	3194227
106979	123985	100142	188391	253224	1530292
65263	76277	37134	125007	178701	1018206
39927	48875	12840	87567	116534	631856
32366	39451	17428	40834	64169	493597
28492	43187	43292	39713	44431	633343
24877	38941	20063	30078	36590	432221
24749	38486	17962	25735	32365	358154
22664	36448	26622	25632	42000	414038
32150	51227	66260	39966	97960	725093
61366	86483	113098	72381	148792	1082036
111071	148870	161394	136796	248466	2051687
179640	219073	151401	221660	313609	2756733
73944	90566	26156	133315	198415	1442325
52110	65439	66381	87223	134535	849322
33348	43471	38248	30911	57489	570133
27305	42277	16793	24244	37743	470778
25894	32965	19605	27790	24076	375179
19826	25979	18366	22039	27280	345199
23785	27402	19685	22999	31455	332567
21815	26431	30132	21544	34329	371467
42405	54168	135191	49486	110707	863095
98847	130419	185522	68081	117721	1215833
148192	181502	164104	109490	167360	1750009
156796	178345	83074	259656	322554	1975312
74096	87587	6756	211239	274864	1190512
59095	65056	10535	109671	150006	793717
24298	33324	7080	55663	87171	445165
26290	40179	23322	35420	48784	375644
20978	24430	10462	37486	52615	404076
17269	23027	7252	29097	33275	297445
18438	23016	8680	26093	36735	282268
15926	20713	11047	24348	41943	285627
24727	33311	25175	46437	82307	409161
39132	54673	79727	83724	121942	632535
99684	127654	191979	82273	135901	1298529
194917	229447	187627	275678	362621	2646256
78513	92085	51936	219727	284660	1405410
47328	55657	21207	118430	155808	712045
28296	38455	35376	63078	93078	534728
40706	53056	60468	39906	47692	585495
36556	41379	41488	41952	52003	456247
23842	26669	21887	28128	28132	304643
21655	29044	22110	25525	43675	305997
20220	28165	28348	22344	45515	390740
33164	43048	58459	41504	73114	492366
71499	90813	187228	69567	104524	867629
207799	286113	245880	150117	224066	2194282
244558	324470	168883	395035	591878	3412286
109211	144659	16873	186893	254629	1547301
60832	94555	20090	122925	192621	950721
35888	66221	67362	74295	107557	791643
20644	35823	6612	41457	56088	357490
30246	42632	35226	45284	82998	575284
20488	32075	32535	26370	38982	359173
17693	25641	21451	21740	58580	333686
20152	30383	36658	21803	64641	428942
28726	41824	82916	62783	117065	610846
68152	98016	206624	42505	100228	1137081
163002	228352	295973	127251	205366	2254472
169727	218229	186513	115366	162971	2121663
98131	116127	47886	127364	173788	1331227
64873	75596	35918	100058	144252	876357
42906	50923	23100	50341	70663	618244
30050	31319	7291	26059	32879	385955
24732	32459	18592	28200	40768	463558
22327	29989	20739	24808	25781	321231
25589	34113	28947	23890	40765	427691
25401	35235	36522	17735	35963	412547
34956	54805	177875	45965	138469	872382
77968	112209	244105	65419	115290	1325458
353198	469374	432079	230625	400386	4424540
404500	492639	325041	340330	470591	5029360
180542	213365	57287	210300	266335	2541697
82615	99042	49552	219954	262701	1178122
50982	62567	41930	75567	105687	758351
40001	41708	21783	47544	72922	565910
28424	36765	22802	30576	42231	473153
24564	34854	16699	25618	41425	409876
24604	33229	16036	22410	47067	395722
22586	28526	25676	17116	45619	360389
37000	48431	97083	47987	92878	683049
72212	89354	141743	66408	111590	840322
201012	252315	279831	194985	271651	2294716
212152	252945	217239	170899	227615	2454675
59980	72139	-6273	116579	171727	1022787
43786	52640	-18049	96487	147575	649736
31835	40438	20226	53156	76947	510447
41236	46014	33290	33051	56997	533075
29030	35668	46537	26834	34142	460343
27158	34007	32410	26314	34457	395307
23203	29867	25661	20186	35405	369565
24168	29151	59745	27304	64844	456771
45862	51115	192821	72614	130342	877741
53650	75262	128776	52276	98358	743112
196076	280421	229131	85499	180090	2267572
589803	727214	451397	459779	690285	6349394
419926	496709	225797	482909	665638	5277562
152801	181549	19067	165214	235813	1700064
64871	78006	9	75598	103911	724925
45437	55184	17457	43809	63559	653486
40749	49356	15627	47546	70358	550145
30633	39938	13172	26752	49091	464710
29842	37005	13407	19428	42688	432188
32302	35689	20124	26186	62977	510798
39442	51315	22275	50440	99228	550410
111511	149547	57363	95061	159875	1109289
364497	446510	132857	205368	328045	3370352
282567	329091	3281	560765	715579	3617391
110012	123206	-6234	322152	421553	2007827
52697	52588	-28455	112039	170166	733205
31752	35495	7383	45760	73004	524984
44174	50278	22853	42844	65915	575780
38614	48987	33902	45961	68081	634056
34502	43096	23135	32178	49361	509778
28607	40661	26421	38112	64931	507783
23527	35583	27660	27884	57136	451552
43375	66888	146830	77250	245257	1109672
103905	147167	146414	92913	181143	1499418
345304	441685	347297	377664	542117	4560684
478523	581430	375722	686584	883942	6169847
166761	201174	75560	246016	326225	2414455
108138	127758	71603	167441	242348	1505215
72827	86343	89836	92599	154854	1216603
68539	73314	69538	59154	97715	1040131
41222	53103	32011	45681	73895	721859
30138	41666	24014	33051	38219	558461
29812	42404	22353	33822	62085	523874
26105	36569	22115	32390	58461	479865
43148	54384	75461	58673	143073	772201
59902	83648	112675	99309	165533	1337211
196690	277180	266651	212104	354573	3609213
205823	255765	142657	342382	568665	3595044
138938	163010	44017	381749	539761	2557583
74828	82056	10064	166519	245782	1266111
39594	44466	-6156	72434	110604	696455
42677	47554	54758	61485	93786	696463
36469	44787	61117	49573	72874	762861
23613	30505	28777	29524	38442	502350
25708	29852	20416	33188	56269	471228
23554	27780	21890	29911	50648	427588
45395	56848	42058	57469	113704	683624
51690	69672	102922	89821	171651	846009
181254	235863	246787	282359	479451	2647407
312919	364598	251797	599517	832383	4459957
158622	189062	104188	329527	435158	2526986
121035	153852	218764	132632	195993	1619066
67256	81917	104815	71762	108064	1043020
39441	57783	16524	45795	67081	574717
28677	40488	13850	41527	62246	482853
25879	38366	8811	31693	45278	431297
27097	33831	12970	30744	52481	418317
26014	31336	14085	31651	59661	435638
38525	43828	37012	48669	85191	526973
96955	125556	127308	89956	139072	1176232
235472	299981	147344	177552	239809	2576207
141737	170395	13037	221723	256425	2253793
65708	76838	-26707	130878	180015	1051538
47749	60251	-16829	62821	97626	586642
37327	50252	-3525	39181	60051	514735
29026	34404	10256	38187	55439	451433
27556	33694	21366	28899	36415	463626
24900	33281	17637	25774	32086	402837
21586	27075	16187	25808	35600	331815
21540	25686	21041	24860	40094	330169
35691	40163	66839	49164	116551	592106
61266	81353	167571	51462	107143	945170
232391	289224	386207	134254	258734	2836393
165425	192483	203834	115276	180946	2286413
81443	94292	14670	100710	144714	1129555
78889	90310	31069	51681	86855	799461
38327	44252	-6291	30873	48657	453759
28219	35010	5671	21581	25197	355356
27511	33221	10583	26799	32628	383804
23209	29648	11878	22974	24590	334206
21669	28622	10812	22414	28361	307908
16814	22291	8993	19315	26263	265779
29993	35950	10397	30468	54560	378221
53993	77871	17493	54409	81797	595619
61326	79942	-10491	58117	97391	808690
50378	64286	-31701	224170	269791	1117035
31363	41334	-24042	138561	188953	726190
20987	26421	-28343	56014	70174	443156
16482	23758	-4365	39812	58588	487811
24672	30621	11190	31891	39215	357599
22769	28000	18932	31555	40990	430997
17533	22206	12584	25855	29628	298521
18348	24075	12094	25528	36565	271522
16142	21682	13318	24193	36909	269612
26703	34627	34935	59885	85327	508309
42060	59418	58012	56691	79287	676222
181777	225975	147687	96298	169168	2082025
178391	212228	54790	228213	299915	3000648
58050	71214	-28140	139999	190142	1270217
42785	54925	-17449	57148	91196	627943
47412	57323	36833	43363	59079	681384
28113	36330	12221	27464	37731	398543
23601	30419	23803	28047	37530	411169
22049	27732	17349	28892	36904	349094
20913	27732	18418	25560	36552	290943
19434	25877	23278	23841	41960	311600
46105	60022	115254	58637	112567	728186
68239	91831	139055	67187	101561	1038557
161880	209183	206817	81118	129493	1965659
146169	175429	105656	217684	260258	1820829
72149	83243	-3555	229723	275020	1117831
37291	43651	-29532	78505	120778	504191
26302	33223	41884	49845	76011	475368
34670	41394	52069	48327	78414	623921
26384	31214	43949	45682	68170	571149
21405	26305	29729	30176	47068	391863
21563	27520	52133	34497	52346	577175
18648	25668	70979	26312	48430	530211
25851	35412	84105	62633	137103	681724
65425	86067	296806	118955	175498	1549095
207783	261169	460075	237054	394823	3898587
242526	283194	309334	360517	493913	4440968
111399	127046	55225	229509	313498	2122762
61639	71113	11292	85900	134906	888938
29883	38385	14219	44661	66844	505087
43280	54972	80223	39975	57311	723704
27356	32892	27762	34251	39299	568512
25423	31470	15311	26380	34995	421637
25051	31783	12872	31594	45628	406367
21555	27043	11278	26265	43141	317050
36398	42375	20784	39876	79008	506727
104378	136138	101638	98154	158856	1357488
224564	270769	153154	246799	343316	3025325
168278	205564	29137	277719	343393	2556609
87526	104695	8223	149540	208655	1226116
67932	84742	38047	60813	81891	777087
44438	55738	43757	36671	48231	568324
70059	80465	156131	34673	60431	1192301
42128	49040	40874	30551	49463	623600
35578	44583	25046	22355	34051	464328