month	year	acre-ft
10	1908	15590
11	1908	7017
12	1908	5501
1	1909	5060
2	1909	6017
3	1909	14146
4	1909	33965
5	1909	81331
6	1909	87172
7	1909	41011
8	1909	23568
9	1909	19393
10	1909	15590
11	1909	7017
12	1909	5501
1	1910	5060
2	1910	6017
3	1910	14146
4	1910	33965
5	1910	81331
6	1910	87172
7	1910	41011
8	1910	23568
9	1910	19393
10	1910	13276
11	1910	7591
12	1910	7691
1	1911	5746
2	1911	6424
3	1911	19871
4	1911	46733
5	1911	93449
6	1911	99882
7	1911	86109
8	1911	32334
9	1911	19394
10	1911	36766
11	1911	11363
12	1911	7703
1	1912	6249
2	1912	5758
3	1912	11326
4	1912	26094
5	1912	121891
6	1912	112595
7	1912	56133
8	1912	25291
9	1912	13955
10	1912	10787
11	1912	7495
12	1912	6054
1	1913	4714
2	1913	4008
3	1913	6859
4	1913	32862
5	1913	72136
6	1913	58324
7	1913	25487
8	1913	13276
9	1913	21555
10	1913	17881
11	1913	8159
12	1913	5812
1	1914	7070
2	1914	7972
3	1914	31353
4	1914	43487
5	1914	105796
6	1914	149921
7	1914	76889
8	1914	21829
9	1914	14253
10	1914	26019
11	1914	11609
12	1914	6878
1	1915	6187
2	1915	10747
3	1915	16275
4	1915	57145
5	1915	100450
6	1915	117209
7	1915	77010
8	1915	23579
9	1915	14088
10	1915	12276
11	1915	3890
12	1915	3836
1	1916	7809
2	1916	7490
3	1916	42554
4	1916	54197
5	1916	99843
6	1916	122619
7	1916	65671
8	1916	54642
9	1916	16412
10	1916	72631
11	1916	8441
12	1916	7794
1	1917	9272
2	1917	7393
3	1917	10114
4	1917	44987
5	1917	98559
6	1917	156188
7	1917	94352
8	1917	31535
9	1917	14882
10	1917	13517
11	1917	7116
12	1917	6117
1	1918	5216
2	1918	5710
3	1918	10647
4	1918	18994
5	1918	64946
6	1918	83849
7	1918	28241
8	1918	17960
9	1918	31824
10	1918	8952
11	1918	3848
12	1918	3076
1	1919	2542
2	1919	4341
3	1919	11506
4	1919	52644
5	1919	116730
6	1919	74610
7	1919	51125
8	1919	29340
9	1919	18449
10	1919	11838
11	1919	6955
12	1919	5282
1	1920	5534
2	1920	17693
3	1920	23390
4	1920	36950
5	1920	173018
6	1920	186018
7	1920	73828
8	1920	26532
9	1920	14114
10	1920	14438
11	1920	12111
12	1920	4703
1	1921	5218
2	1921	8292
3	1921	23833
4	1921	34212
5	1921	89400
6	1921	146133
7	1921	78803
8	1921	60990
9	1921	25416
10	1921	9038
11	1921	7532
12	1921	6492
1	1922	5760
2	1922	8340
3	1922	23079
4	1922	43238
5	1922	137229
6	1922	121558
7	1922	43204
8	1922	16656
9	1922	9947
10	1922	7743
11	1922	7200
12	1922	5723
1	1923	5145
2	1923	7150
3	1923	11229
4	1923	32541
5	1923	92863
6	1923	101041
7	1923	47911
8	1923	36752
9	1923	23934
10	1923	20252
11	1923	11921
12	1923	8308
1	1924	6314
2	1924	6553
3	1924	8951
4	1924	44696
5	1924	88094
6	1924	85911
7	1924	26506
8	1924	10343
9	1924	7518
10	1924	8409
11	1924	3625
12	1924	3496
1	1925	4640
2	1925	3708
3	1925	9262
4	1925	29930
5	1925	77722
6	1925	58528
7	1925	44417
8	1925	22999
9	1925	56453
10	1925	21974
11	1925	12786
12	1925	8558
1	1926	3645
2	1926	5170
3	1926	14754
4	1926	44803
5	1926	84135
6	1926	91684
7	1926	42286
8	1926	20455
9	1926	14133
10	1926	13271
11	1926	5166
12	1926	9028
1	1927	5125
2	1927	5779
3	1927	20158
4	1927	45729
5	1927	113873
6	1927	118265
7	1927	78083
8	1927	25909
9	1927	74492
10	1927	21636
11	1927	15958
12	1927	7051
1	1928	6331
2	1928	5065
3	1928	15862
4	1928	23625
5	1928	79073
6	1928	54974
7	1928	21553
8	1928	10767
9	1928	10340
10	1928	10270
11	1928	9669
12	1928	7056
1	1929	5352
2	1929	5416
3	1929	17846
4	1929	42858
5	1929	102995
6	1929	94519
7	1929	45421
8	1929	60853
9	1929	44786
10	1929	22228
11	1929	7096
12	1929	4274
1	1930	2212
2	1930	4600
3	1930	9402
4	1930	35750
5	1930	57115
6	1930	58074
7	1930	30766
8	1930	29880
9	1930	10910
10	1930	13796
11	1930	4590
12	1930	5650
1	1931	3823
2	1931	3575
3	1931	4505
4	1931	15739
5	1931	61280
6	1931	62597
7	1931	38806
8	1931	28854
9	1931	28493
10	1931	24106
11	1931	6993
12	1931	5829
1	1932	5776
2	1932	9285
3	1932	23126
4	1932	59033
5	1932	129498
6	1932	120765
7	1932	61500
8	1932	55967
9	1932	31336
10	1932	13579
11	1932	1692
12	1932	3334
1	1933	4537
2	1933	4143
3	1933	5742
4	1933	11299
5	1933	46754
6	1933	88647
7	1933	43512
8	1933	27587
9	1933	30051
10	1933	10381
11	1933	3550
12	1933	4504
1	1934	4960
2	1934	3836
3	1934	5128
4	1934	15103
5	1934	18859
6	1934	16724
7	1934	14694
8	1934	15480
9	1934	15784
10	1934	9351
11	1934	235
12	1934	2125
1	1935	3202
2	1935	4618
3	1935	9151
4	1935	35355
5	1935	65981
6	1935	163177
7	1935	62075
8	1935	35747
9	1935	22645
10	1935	10649
11	1935	3990
12	1935	4073
1	1936	3868
2	1936	4256
3	1936	13630
4	1936	51169
5	1936	90799
6	1936	45361
7	1936	22391
8	1936	31716
9	1936	21934
10	1936	10302
11	1936	5026
12	1936	4392
1	1937	3819
2	1937	4256
3	1937	12445
4	1937	68186
5	1937	125358
6	1937	63298
7	1937	33078
8	1937	17676
9	1937	13743
10	1937	8658
11	1937	2499
12	1937	2400
1	1938	3081
2	1938	4192
3	1938	13314
4	1938	49678
5	1938	94083
6	1938	131149
7	1938	50782
8	1938	21138
9	1938	34594
10	1938	24521
11	1938	8450
12	1938	4841
1	1939	4776
2	1939	4118
3	1939	12316
4	1939	26664
5	1939	67623
6	1939	41258
7	1939	16381
8	1939	13279
9	1939	26111
10	1939	10653
11	1939	4015
12	1939	2380
1	1940	3246
2	1940	4115
3	1940	8902
4	1940	19067
5	1940	59150
6	1940	29880
7	1940	15896
8	1940	14293
9	1940	20888
10	1940	26356
11	1940	7066
12	1940	6709
1	1941	5966
2	1941	7051
3	1941	19415
4	1941	78302
5	1941	131616
6	1941	175083
7	1941	103034
8	1941	33646
9	1941	35337
10	1941	61908
11	1941	23569
12	1941	12782
1	1942	7921
2	1942	7737
3	1942	11521
4	1942	55536
5	1942	88573
6	1942	113669
7	1942	41788
8	1942	18253
9	1942	13718
10	1942	6229
11	1942	2916
12	1942	2707
1	1943	4028
2	1943	4797
3	1943	13034
4	1943	51071
5	1943	74947
6	1943	56729
7	1943	28985
8	1943	33361
9	1943	5650
10	1943	16562
11	1943	1124
12	1943	4597
1	1944	4589
2	1944	5169
3	1944	8676
4	1944	24031
5	1944	115784
6	1944	138388
7	1944	61239
8	1944	17568
9	1944	10154
10	1944	12270
11	1944	4168
12	1944	3840
1	1945	3665
2	1945	4405
3	1945	7173
4	1945	24058
5	1945	89550
6	1945	71983
7	1945	34239
8	1945	20319
9	1945	9245
10	1945	11697
11	1945	1019
12	1945	1300
1	1946	2787
2	1946	2827
3	1946	5023
4	1946	21866
5	1946	39913
6	1946	64165
7	1946	24097
8	1946	22281
9	1946	13239
10	1946	14923
11	1946	5910
12	1946	5094
1	1947	4666
2	1947	5072
3	1947	5622
4	1947	12942
5	1947	82126
6	1947	73159
7	1947	36948
8	1947	40729
9	1947	27719
10	1947	23279
11	1947	8969
12	1947	6319
1	1948	5764
2	1948	7224
3	1948	8117
4	1948	40762
5	1948	122993
6	1948	134296
7	1948	50970
8	1948	25393
9	1948	12627
10	1948	11784
11	1948	3890
12	1948	4477
1	1949	6267
2	1949	7453
3	1949	10297
4	1949	41497
5	1949	100440
6	1949	158775
7	1949	70305
8	1949	20967
9	1949	12170
10	1949	10180
11	1949	2488
12	1949	3525
1	1950	4039
2	1950	6530
3	1950	7705
4	1950	31757
5	1950	53532
6	1950	45852
7	1950	22530
8	1950	11330
9	1950	14748
10	1950	12455
11	1950	2462
12	1950	2911
1	1951	2748
2	1951	2831
3	1951	4797
4	1951	7661
5	1951	41425
6	1951	46130
7	1951	12626
8	1951	14840
9	1951	7715
10	1951	5268
11	1951	2619
12	1951	4955
1	1952	6104
2	1952	4049
3	1952	15684
4	1952	58755
5	1952	117763
6	1952	149778
7	1952	49164
8	1952	23065
9	1952	15072
10	1952	8057
11	1952	4466
12	1952	4425
1	1953	5311
2	1953	4652
3	1953	7883
4	1953	18414
5	1953	41326
6	1953	53151
7	1953	18354
8	1953	12579
9	1953	6309
10	1953	7875
11	1953	5667
12	1953	3730
1	1954	3150
2	1954	4243
3	1954	6098
4	1954	25509
5	1954	61603
6	1954	40298
7	1954	36215
8	1954	17515
9	1954	18155
10	1954	24104
11	1954	3221
12	1954	3456
1	1955	3732
2	1955	3077
3	1955	6490
4	1955	13941
5	1955	54187
6	1955	64755
7	1955	20989
8	1955	28636
9	1955	10984
10	1955	5133
11	1955	2281
12	1955	4059
1	1956	4607
2	1956	4687
3	1956	11090
4	1956	19722
5	1956	65486
6	1956	51045
7	1956	13847
8	1956	8008
9	1956	3914
10	1956	3705
11	1956	1656
12	1956	1804
1	1957	3696
2	1957	5789
3	1957	10137
4	1957	27983
5	1957	60471
6	1957	168786
7	1957	120892
8	1957	55219
9	1957	22876
10	1957	17790
11	1957	16010
12	1957	10778
1	1958	6930
2	1958	12527
3	1958	18042
4	1958	51755
5	1958	140215
6	1958	103749
7	1958	21662
8	1958	11471
9	1958	15175
10	1958	8019
11	1958	4464
12	1958	3768
1	1959	3169
2	1959	3974
3	1959	3660
4	1959	9123
5	1959	38591
6	1959	43820
7	1959	9911
8	1959	13894
9	1959	5509
10	1959	16010
11	1959	9429
12	1959	5402
1	1960	4809
2	1960	4156
3	1960	29142
4	1960	47996
5	1960	67691
6	1960	83612
7	1960	25407
8	1960	9148
9	1960	7755
10	1960	9823
11	1960	4429
12	1960	3814
1	1961	3200
2	1961	4534
3	1961	12653
4	1961	29249
5	1961	84545
6	1961	58044
7	1961	17111
8	1961	19690
9	1961	19997
10	1961	12342
11	1961	7496
12	1961	4654
1	1962	4147
2	1962	6415
3	1962	7678
4	1962	46383
5	1962	75439
6	1962	72848
7	1962	30251
8	1962	9227
9	1962	7961
10	1962	10594
11	1962	5674
12	1962	4035
1	1963	3065
2	1963	8305
3	1963	12174
4	1963	26424
5	1963	63497
6	1963	28216
7	1963	16396
8	1963	17284
9	1963	17348
10	1963	7469
11	1963	2653
12	1963	1791
1	1964	1863
2	1964	2016
3	1964	4150
4	1964	10220
5	1964	61199
6	1964	36947
7	1964	18154
8	1964	21232
9	1964	7829
10	1964	6563
11	1964	3140
12	1964	3556
1	1965	4933
2	1965	5714
3	1965	8270
4	1965	41835
5	1965	86388
6	1965	135189
7	1965	88662
8	1965	26908
9	1965	27357
10	1965	18700
11	1965	6218
12	1965	7733
1	1966	5539
2	1966	4674
3	1966	22088
4	1966	31477
5	1966	86654
6	1966	63382
7	1966	28047
8	1966	16627
9	1966	13040
10	1966	8779
11	1966	2541
12	1966	8998
1	1967	4761
2	1967	4345
3	1967	7824
4	1967	12073
5	1967	56027
6	1967	45300
7	1967	25245
8	1967	26657
9	1967	16130
10	1967	8508
11	1967	1209
12	1967	2921
1	1968	3338
2	1968	4815
3	1968	7944
4	1968	15669
5	1968	62687
6	1968	121755
7	1968	38312
8	1968	35134
9	1968	10320
10	1968	8294
11	1968	703
12	1968	1920
1	1969	3892
2	1969	3976
3	1969	11932
4	1969	36330
5	1969	94650
6	1969	79301
7	1969	54975
8	1969	25506
9	1969	31080
10	1969	26031
11	1969	10610
12	1969	7206
1	1970	5174
2	1970	4095
3	1970	6323
4	1970	8831
5	1970	64220
6	1970	43297
7	1970	12518
8	1970	4183
9	1970	64246
10	1970	9783
11	1970	6223
12	1970	5063
1	1971	3740
2	1971	5790
3	1971	9352
4	1971	23690
5	1971	41243
6	1971	59144
7	1971	28965
8	1971	15682
9	1971	10161
10	1971	16591
11	1971	9921
12	1971	9825
1	1972	5355
2	1972	5382
3	1972	15248
4	1972	24820
5	1972	55626
6	1972	44947
7	1972	14798
8	1972	9350
9	1972	13168
10	1972	48181
11	1972	20645
12	1972	11487
1	1973	9148
2	1973	7830
3	1973	29085
4	1973	45626
5	1973	142411
6	1973	161821
7	1973	82443
8	1973	26948
9	1973	20431
10	1973	8425
11	1973	4522
12	1973	5114
1	1974	4517
2	1974	3705
3	1974	11474
4	1974	14847
5	1974	50737
6	1974	26968
7	1974	20498
8	1974	11816
9	1974	6074
10	1974	11084
11	1974	9325
12	1974	4711
1	1975	3774
2	1975	4314
3	1975	19309
4	1975	36707
5	1975	95557
6	1975	158372
7	1975	101444
8	1975	20306
9	1975	14340
10	1975	7004
11	1975	3284
12	1975	3621
1	1976	4208
2	1976	9068
3	1976	11063
4	1976	23791
5	1976	75623
6	1976	75746
7	1976	23322
8	1976	17159
9	1976	19142
10	1976	16195
11	1976	3570
12	1976	1226
1	1977	627
2	1977	1207
3	1977	2735
4	1977	8011
5	1977	16730
6	1977	16990
7	1977	11968
8	1977	11391
9	1977	9876
10	1977	7508
11	1977	4742
12	1977	3730
1	1978	3855
2	1978	3776
3	1978	15978
4	1978	29056
5	1978	58828
6	1978	88722
7	1978	22976
8	1978	7873
9	1978	5646
10	1978	6347
11	1978	9044
12	1978	5997
1	1979	6667
2	1979	5851
3	1979	28846
4	1979	77595
5	1979	138633
6	1979	173260
7	1979	83223
8	1979	29122
9	1979	11276
10	1979	10395
11	1979	2976
12	1979	4019
1	1980	5591
2	1980	10393
3	1980	16422
4	1980	56436
5	1980	99309
6	1980	165802
7	1980	46361
8	1980	19568
9	1980	26474
10	1980	9225
11	1980	5345
12	1980	4989
1	1981	4044
2	1981	3078
3	1981	5990
4	1981	18685
5	1981	44148
6	1981	49101
7	1981	33429
8	1981	17140
9	1981	17265
10	1981	26441
11	1981	10212
12	1981	5662
1	1982	5808
2	1982	8125
3	1982	17066
4	1982	27205
5	1982	71521
6	1982	91361
7	1982	39661
8	1982	32246
9	1982	37120
10	1982	20125
11	1982	9031
12	1982	8282
1	1983	6502
2	1983	7904
3	1983	18567
4	1983	25845
5	1983	73906
6	1983	126770
7	1983	57548
8	1983	28487
9	1983	13102
10	1983	21990
11	1983	6729
12	1983	7974
1	1984	6619
2	1984	6284
3	1984	18723
4	1984	29013
5	1984	109872
6	1984	81637
7	1984	41811
8	1984	33444
9	1984	22980
10	1984	26401
11	1984	11178
12	1984	11865
1	1985	8556
2	1985	8620
3	1985	24029
4	1985	63013
5	1985	109663
6	1985	142651
7	1985	51361
8	1985	20155
9	1985	30107
10	1985	22515
11	1985	12580
12	1985	8900
1	1986	6949
2	1986	8365
3	1986	20662
4	1986	45430
5	1986	93494
6	1986	121909
7	1986	69874
8	1986	28870
9	1986	31334
10	1986	35350
11	1986	29575
12	1986	13768
1	1987	8967
2	1987	12760
3	1987	23944
4	1987	58681
5	1987	100322
6	1987	137796
7	1987	54847
8	1987	28744
9	1987	10784
10	1987	9594
11	1987	11390
12	1987	5691
1	1988	4888
2	1988	6164
3	1988	14501
4	1988	25784
5	1988	53160
6	1988	60475
7	1988	23550
8	1988	37686
9	1988	25091
10	1988	12876
11	1988	6061
12	1988	6118
1	1989	5946
2	1989	7985
3	1989	27032
4	1989	46162
5	1989	62670
6	1989	41127
7	1989	18764
8	1989	17873
9	1989	9894
10	1989	11594
11	1989	1665
12	1989	1253
1	1990	1999
2	1990	2605
3	1990	6265
4	1990	18753
5	1990	58006
6	1990	81420
7	1990	36836
8	1990	20084
9	1990	23580
10	1990	23655
11	1990	11327
12	1990	5994
1	1991	5669
2	1991	6676
3	1991	9664
4	1991	32427
5	1991	70975
6	1991	60063
7	1991	22067
8	1991	14577
9	1991	35061
10	1991	6878
11	1991	8402
12	1991	5945
1	1992	4453
2	1992	6202
3	1992	14650
4	1992	37667
5	1992	79147
6	1992	67332
7	1992	36644
8	1992	22978
9	1992	15370
10	1992	7907
11	1992	4421
12	1992	4666
1	1993	5804
2	1993	8381
3	1993	36994
4	1993	47655
5	1993	117888
6	1993	108192
7	1993	36656
8	1993	30927
9	1993	21260
10	1993	10337
11	1993	5703
12	1993	4988
1	1994	4427
2	1994	7197
3	1994	14800
4	1994	27099
5	1994	75995
6	1994	77545
7	1994	15505
8	1994	11676
9	1994	18433
10	1994	18107
11	1994	13272
12	1994	8959
1	1995	6822
2	1995	11656
3	1995	32876
4	1995	28490
5	1995	57728
6	1995	141936
7	1995	84339
8	1995	25915
9	1995	11245
10	1995	8257
11	1995	2657
12	1995	2581
1	1996	3089
2	1996	4154
3	1996	5463
4	1996	14477
5	1996	53413
6	1996	23821
7	1996	14156
8	1996	5787
9	1996	11891
10	1996	15461
11	1996	10330
12	1996	7566
1	1997	8031
2	1997	7610
3	1997	28979
4	1997	33164
5	1997	103969
6	1997	126920
7	1997	51878
8	1997	41631
9	1997	44839
10	1997	23711
11	1997	8803
12	1997	6817
1	1998	6300
2	1998	5561
3	1998	15652
4	1998	25364
5	1998	69622
6	1998	54377
7	1998	33096
8	1998	15281
9	1998	11433
10	1998	19087
11	1998	16314
12	1998	8645
1	1999	5874
2	1999	5021
3	1999	8646
4	1999	21743
5	1999	69674
6	1999	96935
7	1999	59890
8	1999	75468
9	1999	35365
10	1999	10603
11	1999	4030
12	1999	2652
1	2000	3217
2	2000	3635
3	2000	9372
4	2000	30588
5	2000	64831
6	2000	29042
7	2000	9736
8	2000	7771
9	2000	6905
10	2000	10400
11	2000	7225
12	2000	5360
1	2001	5805
2	2001	6098
3	2001	18459
4	2001	37010
5	2001	110011
6	2001	75023
7	2001	27565
8	2001	28563
9	2001	8603
10	2001	5247
11	2001	2207
12	2001	3073
1	2002	2742
2	2002	2317
3	2002	2820
4	2002	9263
5	2002	11421
6	2002	5830
7	2002	3561
8	2002	2472
9	2002	9548
10	2002	8824
11	2002	5644
12	2002	3977
1	2003	3319
2	2003	3681
3	2003	8192
4	2003	16293
5	2003	50527
6	2003	28100
7	2003	7460
8	2003	9092
9	2003	20164
10	2003	6598
11	2003	6211
12	2003	4922
1	2004	5344
2	2004	7693
3	2004	26554
4	2004	38523
5	2004	74135
6	2004	54527
7	2004	21703
8	2004	8668
9	2004	24187
10	2004	19493
11	2004	12148
12	2004	9832
1	2005	17363
2	2005	17651
3	2005	24704
4	2005	71304
5	2005	131205
6	2005	106750
7	2005	40485
8	2005	22263
9	2005	17190
10	2005	34560
11	2005	8300
12	2005	5064
1	2006	4727
2	2006	3707
3	2006	6714
4	2006	26518
5	2006	63514
6	2006	29834
7	2006	22845
8	2006	31190
9	2006	26595
