1400	-3.817
1401	-2.915
1402	-3.569
1403	-2.827
1404	-0.148
1405	-2.080
1406	1.658
1407	-1.896
1408	-1.753
1409	1.629
1410	-0.599
1411	-0.987
1412	0.954
1413	-5.447
1414	2.131
1415	-0.727
1416	-3.770
1417	-0.114
1418	1.880
1419	-1.088
1420	1.016
1421	-4.140
1422	-1.054
1423	-2.544
1424	0.853
1425	-0.714
1426	0.888
1427	0.534
1428	3.589
1429	0.056
1430	1.009
1431	2.886
1432	-0.196
1433	0.722
1434	0.034
1435	-2.022
1436	-1.204
1437	-3.352
1438	-4.976
1439	-3.155
1440	1.392
1441	2.923
1442	-3.603
1443	-1.736
1444	-4.549
1445	-3.795
1446	-3.598
1447	-0.105
1448	-2.864
1449	-3.555
1450	-5.804
1451	-0.135
1452	0.565
1453	0.896
1454	-0.441
1455	-4.647
1456	-3.515
1457	-2.760
1458	0.070
1459	-1.029
1460	-4.458
1461	-4.094
1462	2.102
1463	2.091
1464	-3.323
1465	-4.088
1466	-0.360
1467	2.798
1468	0.581
1469	0.065
1470	0.219
1471	-3.844
1472	-3.170
1473	-1.922
1474	-2.631
1475	-5.941
1476	-1.333
1477	1.051
1478	1.696
1479	-1.884
1480	-2.748
1481	-1.623
1482	0.601
1483	-0.853
1484	3.549
1485	2.334
1486	3.099
1487	0.552
1488	0.058
1489	0.447
1490	1.463
1491	3.842
1492	0.398
1493	-0.159
1494	1.581
1495	-3.719
1496	-3.796
1497	-2.795
1498	1.856
1499	-0.377
1500	-5.243
1501	-2.359
1502	-0.330
1503	0.152
1504	0.503
1505	-3.683
1506	-7.056
1507	-1.879
1508	0.617
1509	3.766
1510	-1.333
1511	1.182
1512	0.340
1513	0.350
1514	2.294
1515	-0.928
1516	-1.948
1517	-1.975
1518	-2.833
1519	0.522
1520	1.503
1521	2.834
1522	-3.910
1523	-0.380
1524	0.501
1525	0.928
1526	1.750
1527	1.345
1528	-1.970
1529	-2.377
1530	-0.926
1531	-1.806
1532	-6.115
1533	-3.782
1534	-1.290
1535	1.192
1536	4.377
1537	3.170
1538	-2.025
1539	-0.024
1540	1.271
1541	0.929
1542	-5.899
1543	-2.279
1544	-2.718
1545	-3.947
1546	-0.081
1547	-1.488
1548	-1.217
1549	2.677
1550	3.705
1551	1.437
1552	0.091
1553	2.513
1554	0.279
1555	1.150
1556	2.924
1557	4.284
1558	-1.906
1559	-1.904
1560	-0.102
1561	-1.223
1562	-0.766
1563	-0.731
1564	3.819
1565	4.198
1566	0.347
1567	-2.121
1568	0.432
1569	1.614
1570	0.530
1571	-0.994
1572	-0.197
1573	-2.485
1574	-2.577
1575	-0.875
1576	-2.220
1577	1.411
1578	0.931
1579	-4.145
1580	-6.736
1581	-2.080
1582	-0.813
1583	-2.670
1584	-5.560
1585	-6.146
1586	-1.420
1587	0.658
1588	1.451
1589	1.441
1590	-4.504
1591	-0.775
1592	-3.280
1593	-1.721
1594	1.793
1595	-0.030
1596	1.679
1597	-0.054
1598	-3.246
1599	0.656
1600	-4.435
1601	-1.792
1602	0.961
1603	1.622
1604	1.756
1605	1.872
1606	1.661
1607	-1.456
1608	1.088
1609	2.060
1610	2.799
1611	0.616
1612	-0.265
1613	-0.892
1614	-0.419
1615	2.019
1616	1.837
1617	3.050
1618	4.464
1619	1.592
1620	1.582
1621	2.508
1622	-1.685
1623	-2.636
1624	-3.872
1625	-1.659
1626	-4.381
1627	0.177
1628	-1.380
1629	-0.595
1630	-0.291
1631	-2.648
1632	-5.211
1633	0.412
1634	-0.472
1635	1.147
1636	0.325
1637	-3.711
1638	-4.230
1639	-0.495
1640	3.119
1641	1.684
1642	2.080
1643	1.130
1644	2.007
1645	-3.656
1646	-2.124
1647	1.190
1648	-2.036
1649	0.828
1650	1.251
1651	4.245
1652	-0.469
1653	-4.175
1654	-7.367
1655	-1.121
1656	0.480
1657	0.123
1658	-2.004
1659	-2.169
1660	0.208
1661	1.251
1662	-1.252
1663	-1.009
1664	-1.424
1665	-1.226
1666	-1.883
1667	-4.062
1668	-5.278
1669	-1.746
1670	-5.244
1671	-3.079
1672	0.313
1673	1.141
1674	3.426
1675	-0.861
1676	-0.566
1677	-0.314
1678	0.694
1679	-0.217
1680	3.944
1681	2.137
1682	0.040
1683	2.867
1684	-1.709
1685	-5.300
1686	-5.239
1687	0.748
1688	3.314
1689	2.485
1690	-1.101
1691	-0.382
1692	3.153
1693	2.897
1694	0.089
1695	-0.315
1696	-0.517
1697	0.419
1698	0.008
1699	2.482
1700	-0.809
1701	2.410
1702	1.961
1703	-3.028
1704	-2.755
1705	1.371
1706	0.672
1707	-3.692
1708	-4.590
1709	-2.910
1710	0.042
1711	0.859
1712	1.049
1713	0.008
1714	-1.471
1715	-1.191
1716	-1.733
1717	-2.603
1718	0.917
1719	2.396
1720	5.729
1721	-0.134
1722	-3.885
1723	-0.146
1724	-0.359
1725	1.891
1726	4.802
1727	3.485
1728	-0.992
1729	-7.084
1730	-2.905
1731	-0.384
1732	0.583
1733	-1.164
1734	1.981
1735	-5.791
1736	-2.768
1737	-1.909
1738	1.007
1739	-0.816
1740	-1.720
1741	-0.847
1742	-1.997
1743	0.411
1744	-1.950
1745	0.478
1746	3.973
1747	4.640
1748	-3.614
1749	1.390
1750	-0.331
1751	-1.482
1752	-4.758
1753	-2.955
1754	-0.130
1755	-1.171
1756	-3.135
1757	-3.383
1758	0.744
1759	0.496
1760	1.152
1761	1.921
1762	0.973
1763	-3.379
1764	0.558
1765	-3.281
1766	1.957
1767	0.919
1768	1.260
1769	1.449
1770	0.022
1771	3.067
1772	-0.810
1773	-5.204
1774	-3.352
1775	0.573
1776	1.153
1777	-2.822
1778	-4.253
1779	-1.105
1780	-3.223
1781	-2.444
1782	-5.487
1783	-1.594
1784	2.988
1785	0.427
1786	-2.680
1787	1.902
1788	-2.351
1789	-2.952
1790	0.441
1791	3.488
1792	3.732
1793	3.151
1794	-1.025
1795	-2.782
1796	-1.450
1797	0.870
1798	-3.349
1799	1.511
1800	-0.133
1801	-2.436
1802	0.896
1803	0.777
1804	-0.577
1805	-2.169
1806	-4.083
1807	0.142
1808	-1.595
1809	-2.122
1810	-0.463
1811	2.971
1812	0.680
1813	-4.738
1814	-2.855
1815	0.738
1816	3.828
1817	2.037
1818	-2.842
1819	-1.500
1820	-2.887
1821	1.329
1822	-3.265
1823	-2.907
1824	-4.468
1825	0.080
1826	1.453
1827	-0.304
1828	3.208
1829	-1.150
1830	0.068
1831	0.162
1832	1.968
1833	1.685
1834	-1.377
1835	0.476
1836	-0.270
1837	1.718
1838	4.093
1839	4.336
1840	3.702
1841	0.458
1842	-3.195
1843	-1.557
1844	0.962
1845	-3.129
1846	-3.376
1847	-5.132
1848	-1.138
1849	3.568
1850	2.536
1851	-2.510
1852	-0.735
1853	2.137
1854	1.807
1855	-0.888
1856	-2.005
1857	-2.697
1858	-0.101
1859	-1.329
1860	-0.008
1861	-3.758
1862	1.680
1863	-2.181
1864	-3.356
1865	-1.179
1866	3.065
1867	3.566
1868	4.266
1869	2.888
1870	-1.723
1871	-5.039
1872	-2.082
1873	-3.028
1874	-0.696
1875	-0.769
1876	-1.600
1877	-1.323
1878	-0.061
1879	-4.547
1880	-3.824
1881	-2.857
1882	-2.368
1883	-2.632
1884	1.833
1885	3.852
1886	-0.001
1887	-2.303
1888	-0.904
1889	-1.734
1890	0.551
1891	1.996
1892	0.506
1893	-3.141
1894	-2.840
1895	-0.315
1896	-3.502
1897	0.342
1898	1.535
1899	-3.970
1900	-3.673
1901	-1.880
1902	-4.828
1903	-0.061
1904	-2.212
1905	0.864
1906	2.755
1907	5.073
1908	2.439
1909	1.272
1910	0.263
1911	1.495
1912	1.795
1913	1.960
1914	4.761
1915	2.075
1916	1.341
1917	2.094
1918	-0.397
1919	-0.812
1920	1.977
1921	2.773
1922	0.523
1923	0.056
1924	-1.260
1925	-1.376
1926	0.701
1927	-0.225
1928	-0.358
1929	-1.213
1930	-0.026
1931	-2.928
1932	0.872
1933	-1.175
1934	-6.755
1935	-1.938
1936	-3.126
1937	1.717
1938	2.370
1939	-1.218
1940	-2.829
1941	3.892
1942	4.308
1943	-0.478
1944	0.115
1945	0.702
1946	-2.924
1947	0.413
1948	-0.075
1949	3.175
1950	-1.023
1951	-3.960
1952	1.800
1953	-2.842
1954	-3.834
1955	-2.984
1956	-4.583
1957	-0.202
1958	0.889
1959	-5.553
1960	-2.329
1961	-3.048
1962	0.792
1963	-2.072
1964	-2.456
1965	2.102
1966	-0.627
1967	-0.230
1968	-0.187
1969	2.018
1970	0.388
1971	-0.349
1972	-1.975
1973	3.209
1974	-2.440
1975	2.170
1976	0.031
1977	-4.895
1978	-0.293
1979	1.888
1980	2.774
1981	-2.187
1982	0.206
1983	3.969
1984	2.723
1985	0.999
1986	0.274
1987	0.064
1988	-0.128
1989	-3.128
1990	-3.470
1991	-2.119
1992	0.805
1993	3.122
1994	-1.748
1995	1.837
1996	-3.206
1997	1.231
1998	-1.361
1999	0.160
2000	-2.994
2001	-1.248
2002	-4.438
2003	-3.183
