18723760
20892589
11711022
22198132
14596645
15650022
18623405
14536380
21354813
13623272
20142885
22942804
15865937
12651367
22287631
22526783
18447196
19024047
13877797
14430703
15213730
19539212
16954335
21829584
14621040
8474133
17422186
12183502
6178190
12630349
14648871
14306056
18148319
11164062
9931656
20116677
17225136
13731401
15369422
14140528
11095455
16439485
15139293
16933581
13140416
12505894
20805422
11165419
8496102
9413908
11426874
21500963
15862511
9598169
11524160
10010259
17377609
8840900
10863586
19875027
10679844
11670830
13739932
15272159
15344136
15461094
13164268
18689785
13326347
17050053
11237397
5442754
15349444
17949862
17860031
8945977
17530323
24426513
25425745
20949403
23187150
15579795
11441592
10014871
9552889
12244387
10882637
18418485
10600229
20425636
14580043
21758135
16802070
16216074
10859816
10780743
6222118
10548590
9836734
16951350
13012896
11232537
