1906 19031977
1907 20689847
1908 11850693
1909 22924722
1910 14161969
1911 15109161
1912 18603601
1913 14991691
1914 20935394
1915 14605728
1916 19052167
1917 23209618
1918 15737503
1919 13087996
1920 22407957
1921 22410030
1922 17914692
1923 19187289
1924 13822287
1925 14514765
1926 15188822
1927 19894764
1928 16868405
1929 21587393
1930 14321731
1931 8918043
1932 16948835
1933 12113351
1934 6086167
1935 12804175
1936 14921687
1937 14465246
1938 18132136
1939 10707976
1940 10391162
1941 20116435
1942 16987065
1943 13652516
1944 15345212
1945 14187994
1946 11202882
1947 16597244
1948 15076540
1949 16936792
1950 12848001
1951 12736641
1952 20720327
1953 10987126
1954 8545895
1955 9489338
1956 11388614
1957 21983504
1958 15214811
1959 9982477
1960 11101457
1961 10732876
1962 16870879
1963 8567597
1964 11181745
1965 20514313
1966 10020940
1967 11666613
1968 13887535
1969 15147077
1970 15750163
1971 15669831
1972 13154086
1973 18523343
1974 13135740
1975 17038585
1976 10752397
1977 5912166
1978 15576497
1979 18170910
1980 17225682
1981 9241597
1982 17965312
1983 24492265
1984 25892571
1985 21225980
1986 22833946
1987 15043872
1988 11510521
1989 9424769
1990 9764991
1991 12429283
1992 11222408
1993 18145627
1994 10865485
1995 20224366
1996 15151669
1997 21462613
1998 16605731
1999 16012240
2000 10731133
2001 10476025
2002 6315061
2003 10827974
2004 10298478
2005 16349434
2006 13607624



































































































