1906 10532082
1907 10924379
1908  6223960
1909 12436764
1910  9534844
1911  8902905
1912 11275799
1913  8768763
1914 13451533
1915  8079320
1916 11682474
1917 13587543
1918  9710733
1919  7897207
1920 14580856
1921 14521254
1922 12553775
1923 10678830
1924  9219394
1925  7387307
1926  9900559
1927 10075890
1928 10633446
1929 12312761
1930  8261221
1931  4457885
1932 10829718
1933  7301329
1934  3404930
1935  7319164
1936  9252589
1937  9052175
1938 11377192
1939  7153403
1940  5829851
1941 11724444
1942 11899117
1943  7899167
1944  9958503
1945  7729378
1946  6373495
1947  8892103
1948 10301175
1949 10660590
1950  7923652
1951  6710374
1952 14534800
1953  6209020
1954  4205070
1955  5571524
1956  7856816
1957 10852300
1958 11449160
1959  5020183
1960  7671422
1961  5177312
1962 11046484
1963  4986389
1964  6332305
1965 10833356
1966  6771725
1967  6499876
1968  8302988
1969  9418959
1970  8882620
1971  8902049
1972  7441990
1973 11625052
1974  8476917
1975  9276799
1976  6681500
1977  2250663
1978  9637202
1979 11839878
1980 11822150
1981  4549713
1982  8901171
1983 13112374
1984 15036191
1985 13457786
1986 13258190
1987  9754809
1988  6615549
1989  5804249
1990  4986481
1991  6966563
1992  6124062
1993 11651740
1994  6272762
1995 10237819
1996  8647442
1997 13339621
1998  9313669
1999  8636997
2000  6533205
2001  6660082
2002  2899565
2003  6267204
2004  5553231
2005 10570374
2006  7446149
2007  6579682