18.72376
20.89259
11.71102
22.19813
14.59664
15.65002
18.62340
14.53638
21.35481
13.62327
20.14288
22.94280
15.86594
12.65137
22.28763
22.52678
18.44720
19.02405
13.87780
14.43070
15.21373
19.53921
16.95434
21.82958
14.62104
8.474133
17.42219
12.18350
6.17819
12.63035
14.64887
14.30606
18.14832
11.16406
9.931656
20.11668
17.22514
13.7314
15.36942
14.14053
11.09545
16.43948
15.13929
16.93358
13.14042
12.50589
20.80542
11.16542
8.496102
9.413908
11.42687
21.50096
15.86251
9.598169
11.52416
10.01026
17.37761
8.8409
10.86359
19.87503
10.67984
11.67083
13.73993
15.27216
15.34414
15.47187
13.19168
18.62448
13.36083
17.04708
11.28359
5.505317
15.37785
17.93742
17.88357
8.986299
17.55237
24.45834
25.47429
20.98434
23.16974
15.64552
11.44068
10.01484
9.552944
12.24491
10.88326
18.41909
10.60057
20.43505
14.57606
21.75568
16.79923
16.21375
10.85797
10.77821
6.217526
10.54669
9.840097
16.9084
13.02132
