2.713950e+12
2.852846e+12
2.947352e+12
2.996282e+12
3.002700e+12
2.973669e+12
2.919422e+12
2.85207e+12
2.784077e+12
2.726722e+12
2.688805e+12
2.675775e+12
2.689377e+12
2.727838e+12
2.786527e+12
2.858933e+12
2.937805e+12
3.016244e+12
3.088589e+12
3.150973e+12
3.201524e+12
3.240247e+12
3.268716e+12
3.289723e+12
3.307011e+12
3.325189e+12
3.349799e+12
3.387466e+12
3.445982e+12
3.534174e+12
3.661441e+12
3.836925e+12
4.068354e+12
4.360702e+12
4.714853e+12
5.126515e+12
5.585626e+12
6.076421e+12
6.578304e+12
7.067493e+12
7.519293e+12
7.910703e+12
8.22295e+12
8.44352e+12
8.567285e+12
8.596523e+12
8.539792e+12
8.409903e+12
8.221386e+12
7.987994e+12
7.720717e+12
7.426688e+12
7.10911e+12
6.768129e+12
6.402345e+12
6.010565e+12
5.593359e+12
5.154103e+12
4.699295e+12
4.238158e+12
3.781655e+12
3.341183e+12
2.927226e+12
2.548223e+12
2.209845e+12
1.914732e+12
1.662702e+12
1.451307e+12
1.276625e+12
1.134136e+12
1.019549e+12
9.29504e+11
862045309561
8.16848e+11
795159902930
7.99471e+11
832950232101
898726179609
999127104561
1.135012e+12
1.305324e+12
1.506971e+12
1.735063e+12
1.983494e+12
2.245746e+12
2.515779e+12
2.788820e+12
3.061922e+12
3.334191e+12
3.606687e+12
3.882061e+12
4.164059e+12
4.457027e+12
4.765509e+12
5.093977e+12
5.446657e+12
5.827346e+12
6.239116e+12
6.68383e+12
7.161475e+12
7.66937e+12
8.201438e+12
8.747698e+12
9.294143e+12
9.823125e+12
1.031423e+13
1.074560e+13
1.109546e+13
1.134389e+13
1.147432e+13
1.147495e+13
1.133976e+13
1.106913e+13
1.066996e+13
1.015545e+13
9.544333e+12
8.859713e+12
8.127627e+12
7.375313e+12
6.629434e+12
5.914381e+12
5.250835e+12
4.654718e+12
4.136595e+12
3.701524e+12
3.349311e+12
3.075039e+12
2.869802e+12
2.721567e+12
2.616119e+12
2.538117e+12
2.472238e+12
2.404403e+12
2.323001e+12
2.219989e+12
2.091707e+12
1.939279e+12
1.768491e+12
1.589172e+12
1.414138e+12
1.257875e+12
1.135148e+12
1.059689e+12
1.043111e+12
1.094085e+12
1.217786e+12
1.415563e+12
1.684772e+12
2.018738e+12
2.406832e+12
2.834684e+12
3.284599e+12
3.73622e+12
4.167512e+12
4.556077e+12
4.880746e+12
5.123352e+12
5.270478e+12
5.314965e+12
5.256923e+12
5.104025e+12
4.870972e+12
4.578109e+12
4.249323e+12
3.9095e+12
3.58188e+12
3.285705e+12
3.034509e+12
2.83528e+12
2.688601e+12
2.589679e+12
2.530056e+12
2.499673e+12
2.48895e+12
2.490564e+12
2.500711e+12
2.519731e+12
2.552123e+12
2.606014e+12
2.692245e+12
2.823184e+12
3.011399e+12
3.268274e+12
3.60261e+12
4.019286e+12
4.518031e+12
5.092427e+12
5.729272e+12
6.408465e+12
7.103554e+12
7.783042e+12
8.412437e+12
8.956929e+12
9.384417e+12
9.668547e+12
9.791317e+12
9.744909e+12
9.53243e+12
9.167493e+12
8.672708e+12
8.077328e+12
7.414442e+12
6.718099e+12
6.020731e+12
5.351123e+12
4.733068e+12
4.184703e+12
3.718429e+12
3.341279e+12
3.055565e+12
2.859655e+12
2.748797e+12
2.715880e+12
2.752142e+12
2.847777e+12
2.992448e+12
3.1757e+12
3.387261e+12
3.617231e+12
3.856155e+12
4.095009e+12
4.325124e+12
4.538119e+12
4.725881e+12
4.880655e+12
4.995268e+12
5.063471e+12
5.080364e+12
5.042838e+12
4.949947e+12
4.803136e+12
4.606293e+12
4.365581e+12
4.089087e+12
3.78631e+12
3.467536e+12
3.143146e+12
2.822903e+12
2.515272e+12
2.226827e+12
1.961845e+12
1.722142e+12
1.507235e+12
1.314830e+12
1.141596e+12
984084616763
839651236184
707165227417
587390491066
482959654504
397976890574
337365166452
3.06123e+11
308655734063
348299710424
427084849184
545703139703
703597436930
899067816326
1.129316e+12
1.390401e+12
1.677133e+12
1.982991e+12
2.300146e+12
2.619659e+12
2.93189e+12
3.227061e+12
3.495894e+12
3.730207e+12
3.923361e+12
4.070502e+12
4.168568e+12
4.216141e+12
4.213189e+12
4.160846e+12
4.061263e+12
3.917603e+12
3.734139e+12
3.516402e+12
3.271271e+12
3.006923e+12
2.732561e+12
2.457918e+12
2.192582e+12
1.945234e+12
1.722932e+12
1.530573e+12
1.370617e+12
1.243126e+12
1.146106e+12
1.076067e+12
1.028702e+12
999555749154
9.84562e+11
980369130665
984426683988
994858555254
1.010201e+12
1.029110e+12
1.050140e+12
1.071665e+12
1.091963e+12
1.109424e+12
1.122825e+12
1.131560e+12
1.135775e+12
1.136339e+12
1.134666e+12
1.132405e+12
1.131085e+12
1.131767e+12
1.134791e+12
1.139659e+12
1.145099e+12
1.149281e+12
1.150166e+12
1.145926e+12
1.135350e+12
1.118173e+12
1.095280e+12
1.068732e+12
1.041650e+12
1.017960e+12
1.002091e+12
998651727879
1.012175e+12
1.046945e+12
1.106937e+12
1.195842e+12
1.317176e+12
1.474443e+12
1.671308e+12
1.911768e+12
2.200262e+12
2.54166e+12
2.941078e+12
3.403442e+12
3.9328e+12
4.531427e+12
5.198845e+12
5.930958e+12
6.719524e+12
7.552147e+12
8.412854e+12
9.283202e+12
1.014366e+13
1.097493e+13
1.175889e+13
1.247888e+13
1.311945e+13
1.366558e+13
1.410205e+13
1.441324e+13
1.458377e+13
1.460011e+13
1.445289e+13
1.413944e+13
1.366595e+13
1.304854e+13
1.231308e+13
1.149353e+13
1.062914e+13
9.760962e+12
8.928322e+12
8.165587e+12
7.499733e+12
6.94878e+12
6.521116e+12
6.215601e+12
6.022322e+12
5.923895e+12
5.897208e+12
5.915547e+12
5.950993e+12
5.976926e+12
5.970415e+12
5.914243e+12
5.798293e+12
5.620121e+12
5.384631e+12
5.102928e+12
4.790539e+12
4.465281e+12
4.145091e+12
3.846094e+12
3.581092e+12
3.35858e+12
3.182297e+12
3.051266e+12
2.96025e+12
2.900555e+12
2.861112e+12
2.829772e+12
2.794729e+12
2.745955e+12
2.676495e+12
2.583459e+12
2.468555e+12
2.338042e+12
2.202065e+12
2.073411e+12
1.965842e+12
1.892191e+12
1.862518e+12
1.882543e+12
1.952630e+12
2.067436e+12
2.216301e+12
2.384331e+12
2.554017e+12
2.707183e+12
2.826983e+12
2.899695e+12
2.91608e+12
2.872141e+12
2.769232e+12
2.613548e+12
2.415116e+12
2.186479e+12
1.941289e+12
1.692991e+12
1.453763e+12
1.233803e+12
1.040956e+12
880667648652
756166189122
668778359981
618290072681
6.03278e+11
621369783599
669421286196
743621419447
839556671106
9.52272e+11
1.076366e+12
1.206146e+12
1.335863e+12
1.460020e+12
1.573739e+12
1.673150e+12
1.75576e+12
1.820737e+12
1.869054e+12
1.90344e+12
1.928099e+12
1.948202e+12
1.969202e+12
1.996056e+12
2.032466e+12
2.080278e+12
2.139129e+12
2.206413e+12
2.277548e+12
2.346516e+12
2.406547e+12
2.450867e+12
2.473392e+12
2.469299e+12
2.435444e+12
2.370599e+12
2.275547e+12
2.15303e+12
2.0076e+12
1.84536e+12
1.673634e+12
1.500571e+12
1.334696e+12
1.184451e+12
1.057742e+12
961541523941
901562223360
882043112806
905635513806
973390706071
1.084824e+12
1.238033e+12
1.42984e+12
1.655967e+12
1.911242e+12
2.189865e+12
2.485771e+12
2.793087e+12
3.106661e+12
3.422577e+12
3.738524e+12
4.053876e+12
4.369348e+12
4.686198e+12
5.005038e+12
5.324484e+12
5.639932e+12
5.942823e+12
6.220657e+12
6.457885e+12
6.637614e+12
6.743812e+12
6.763636e+12
6.689382e+12
6.519712e+12
6.259914e+12
5.921205e+12
5.519272e+12
5.072358e+12
4.599283e+12
4.117712e+12
3.6429e+12
3.186988e+12
2.758827e+12
